0 1 0 -15 15
0.01 0.98877107793604224 0.14943813247359922 -14.831566169040634 14.831566169040634
0.02 0.95533648912560598 0.29552020666133955 -14.330047336884089 14.330047336884089
0.029999999999999999 0.90044710235267689 0.43496553411123018 -13.506706535290153 13.506706535290153
0.040000000000000001 0.82533561490967833 0.56464247339503537 -12.380034223645175 12.380034223645175
0.050000000000000003 0.7316888688738209 0.68163876002333412 -10.975333033107313 10.975333033107313
0.060000000000000005 0.62160996827066439 0.78332690962748341 -9.3241495240599654 9.3241495240599654
0.070000000000000007 0.49757104789172696 0.86742322559401697 -7.4635657183759045 7.4635657183759045
0.080000000000000002 0.36235775447667362 0.93203908596722629 -5.4353663171501045 5.4353663171501045
0.089999999999999997 0.21900668709304172 0.97572335782665909 -3.2851003063956257 3.2851003063956257
0.099999999999999992 0.070737201667703128 0.99749498660405445 -1.061058025015547 1.061058025015547
0.10999999999999999 -0.079120888806733861 0.99686502845391889 1.1868133321010079 -1.1868133321010079
0.11999999999999998 -0.22720209469308689 0.97384763087819526 3.4080314203963034 -3.4080314203963034
0.12999999999999998 -0.37018083135128665 0.92895971500386942 5.5527124702692996 -5.5527124702692996
0.13999999999999999 -0.50484610459985713 0.86320936664887393 7.5726915689978567 -7.5726915689978567
0.14999999999999999 -0.62817362272273913 0.7780731968879212 9.4226043408410867 -9.4226043408410867
0.16 -0.73739371554124544 0.67546318055115095 11.060905733118682 -11.060905733118682
0.17000000000000001 -0.83005353523522241 0.55768371739141664 12.450803028528336 -12.450803028528336
0.18000000000000002 -0.90407214201706121 0.42737988023382978 13.561082130255919 -13.561082130255919
0.19000000000000003 -0.95778723755309048 0.287478012342544 14.366808563296358 -14.366808563296358
0.20000000000000004 -0.98999249660044553 0.14112000805986677 14.849887449006683 -14.849887449006683
0.21000000000000005 -0.99996465847134197 -0.0084072473671495066 14.99946987707013 -14.99946987707013
0.22000000000000006 -0.98747976990886477 -0.15774569414324907 14.812196548632972 -14.812196548632972
0.23000000000000007 -0.95281821459430438 -0.30354151270843016 14.292273218914566 -14.292273218914566
0.24000000000000007 -0.89675841633414655 -0.44252044329485324 13.451376245012199 -13.451376245012199
0.25000000000000006 -0.8205593573395602 -0.5715613187423445 12.308390360093403 -12.308390360093403
0.26000000000000006 -0.72593230420013954 -0.68776615918397443 10.888984563002094 -10.888984563002094
0.27000000000000007 -0.61500237652557377 -0.78852525442619559 9.2250356478836064 -9.2250356478836064
0.28000000000000008 -0.49026082134069865 -0.87157577241358863 7.3539123201104797 -7.3539123201104797
0.29000000000000009 -0.35450906504813029 -0.93505257755844962 5.317635975721954 -5.317635975721954
0.3000000000000001 -0.21079579943077797 -0.97753011766509745 3.1619369914616695 -3.1619369914616695
0.31000000000000011 -0.062348514606990771 -0.99805443875887945 0.93522771910486158 -0.93522771910486158
0.32000000000000012 0.087498983439448161 -0.99616460883584057 -1.3124847515917224 1.3124847515917224
0.33000000000000013 0.2353814429544529 -0.97190306940182036 -3.5307216443167935 3.5307216443167935
0.34000000000000014 0.37797774271298268 -0.92581468232773145 -5.6696661406947406 5.6696661406947406
0.35000000000000014 0.51208547724184217 -0.85893449342659112 -7.6812821586276323 7.6812821586276323
0.36000000000000015 0.63469287594263601 -0.77276448755598603 -9.5203931391395393 9.5203931391395393
0.37000000000000016 0.7430464409664117 -0.66923985727626001 -11.145696614496176 11.145696614496176
0.38000000000000017 0.83471278483916123 -0.55068554259763536 -12.520691772587419 12.520691772587419
0.39000000000000018 0.90763327909841429 -0.41976401783985728 -13.614499186476214 13.614499186476214
0.40000000000000019 0.96017028665036674 -0.27941549819892331 -14.402554299755501 14.402554299755501
0.4100000000000002 0.99114393956846936 -0.1327919088525141 -14.867159093527039 14.867159093527039
0.42000000000000021 0.9998586363834151 0.016813900484353266 -14.997879545751227 14.997879545751227
0.43000000000000022 0.98611866379251212 0.16604210586495985 -14.791779956887682 14.791779956887682
0.44000000000000022 0.95023259195852849 0.31154136351338119 -14.253488879377928 14.253488879377928
0.45000000000000023 0.89300634468907503 0.45004407378062078 -13.395095170336125 13.395095170336125
0.46000000000000024 0.81572510012535482 0.5784397643882031 -12.235876501880321 12.235876501880321
0.47000000000000025 0.72012442841179169 0.69384494492976623 -10.801866426176876 10.801866426176876
0.48000000000000026 0.60835131453225166 0.79366786384915533 -9.125269717983775 9.125269717983775
0.49000000000000027 0.48291594165593393 0.87566671359288439 -7.2437391248390091 7.2437391248390091
0.50000000000000022 0.34663531783502249 0.93799997677474012 -5.1995297675253376 5.1995297675253376
0.51000000000000023 0.20257001207694084 0.97926778268620074 -3.0385501811541125 3.0385501811541125
0.52000000000000024 0.053955420562646204 0.9985433453746051 -0.80933130843969303 0.80933130843969303
0.53000000000000025 -0.095870893376501357 0.99539377725761957 1.4380634006475204 -1.4380634006475204
0.54000000000000026 -0.24354415373579458 0.96988981084508541 3.6531623060369185 -3.6531623060369185
0.55000000000000027 -0.38574793745222508 0.92260421023933892 5.7862190617833757 -5.7862190617833757
0.56000000000000028 -0.51928865411668867 0.85459890808827865 7.7893298117503305 -7.7893298117503305
0.57000000000000028 -0.64116726712960459 0.767401156867485 9.6175090069440685 -9.6175090069440685
0.58000000000000029 -0.74864664559740224 0.66296923008217934 11.229699683961034 -11.229699683961034
0.5900000000000003 -0.83931303439148663 0.54364844366608389 12.5896955158723 -12.5896955158723
0.60000000000000031 -0.91113026188467916 0.41211848524175171 13.666953928270187 -13.666953928270187
0.61000000000000032 -0.9624854679762388 0.27133323411362759 14.437282019643582 -14.437282019643582
0.62000000000000033 -0.99222532545260389 0.12445442350705818 14.883379881789057 -14.883379881789057
0.63000000000000034 -0.99968194123018472 -0.02521936514366405 14.995229118452771 -14.995229118452771
0.64000000000000035 -0.98468785579412599 -0.17432678122298489 14.770317836911889 -14.770317836911889
0.65000000000000036 -0.94757980397799146 -0.31951919362227871 14.213697059669872 -14.213697059669872
0.66000000000000036 -0.88919115262535842 -0.45753589377532611 13.337867289380377 -13.337867289380377
0.67000000000000037 -0.81083318496714352 -0.58527732414304068 12.162497774507152 -12.162497774507152
0.68000000000000038 -0.71426565202719527 -0.69987468759354743 10.713984780407928 -10.713984780407928
0.69000000000000039 -0.60165725240809764 -0.79875437440100361 9.0248587861214649 -9.0248587861214649
0.7000000000000004 -0.47553692799598785 -0.8796957599716726 7.133053919939818 -7.133053919939818
0.71000000000000041 -0.33873706937787634 -0.94088107528490961 5.0810560406681455 -5.0810560406681455
0.72000000000000042 -0.19432990645532958 -0.98093623006649255 2.9149485968299436 -2.9149485968299436
0.73000000000000043 -0.045558512784216604 -0.99896167189381713 0.68337769176324903 -0.68337769176324903
0.74000000000000044 0.10423602686570395 -0.99455258820398851 -1.5635404029855593 1.5635404029855593
0.75000000000000044 0.25168965007176131 -0.96780799751125968 -3.7753447510764198 3.7753447510764198
0.76000000000000045 0.39349086634789743 -0.91932852566467294 -5.9023629952184615 5.9023629952184615
0.77000000000000046 0.52645512608183409 -0.85020291708636253 -7.8968268912275112 7.8968268912275112
0.78000000000000047 0.64759633865388133 -0.76198358391902865 -9.7139450798082194 9.7139450798082194
0.79000000000000048 0.75419393359463249 -0.65665174219600986 -11.312909003919488 11.312909003919488
0.80000000000000049 0.84385395873249591 -0.53657291800042894 -12.657809380987439 12.657809380987439
0.8100000000000005 0.91456284319842052 -0.40444382284913361 -13.718442647976307 13.718442647976307
0.82000000000000051 0.96473261788661169 -0.26323179136579411 -14.470989268299176 14.470989268299176
0.83000000000000052 0.99323657781718944 -0.11610814134244962 -14.898548667257842 14.898548667257842
0.84000000000000052 0.9994345855010045 0.03362304722114557 -14.991518782515067 14.991518782515067
0.85000000000000053 0.98318744704759042 0.182599134631141 -14.747811705713856 14.747811705713856
0.86000000000000054 0.94486003815985831 0.32747443913769975 -14.172900572397875 14.172900572397875
0.87000000000000055 0.88531310981243583 0.4649953737342275 -13.279696647186537 13.279696647186537
0.88000000000000056 0.80588395764044551 0.59207351470723013 -12.088259364606683 12.088259364606683
0.89000000000000057 0.70835638916257826 0.70585496097467071 -10.625345837438674 10.625345837438674
0.90000000000000058 0.59492066330988491 0.80378442655162619 -8.9238099496482732 8.9238099496482732
0.91000000000000059 0.46812430193210192 0.88366262676463936 -7.0218645289815287 7.0218645289815287
0.9200000000000006 0.33081487794903858 0.94369566944410777 -4.9622231692355783 4.9622231692355783
0.9300000000000006 0.18607606500180032 0.98253534187501157 -2.7911409750270049 2.7911409750270049
0.94000000000000061 0.037158384790817532 0.99930938874791797 -0.55737577186226295 0.55737577186226295
0.95000000000000062 -0.11259379263384431 0.99364110113276161 1.6889068895076647 -1.6889068895076647
0.96000000000000063 -0.25981735621376439 0.9656577765492752 3.8972603432064661 -3.8972603432064661
0.97000000000000064 -0.40120598210610869 0.91598786013913569 6.0180897315916306 -6.0180897315916306
0.98000000000000065 -0.53358438658912677 0.84574683114292859 8.003765798836902 -8.003765798836902
0.99000000000000066 -0.65397963608903675 0.75651215164123509 9.809694541335551 -9.809694541335551
1.0000000000000007 -0.7596879128588282 0.65028784015710872 11.395318692882423 -11.395318692882423
1.0100000000000007 -0.84833523689577373 0.52945946572045677 12.725028553436605 -12.725028553436605
1.0200000000000007 -0.91793078041429677 0.3967405731306039 13.768961706214451 -13.768961706214451
1.0300000000000007 -0.96691157754605972 0.25511174259016411 14.503673663190895 -14.503673663190895
1.0400000000000007 -0.99417762518381636 0.10775365229943347 14.912664377757245 -14.912664377757245
1.0500000000000007 -0.99911658667973358 -0.042024352718851445 14.986748800196004 -14.986748800196004
1.0600000000000007 -0.98161754360638231 -0.19085858137419984 14.724263154095734 -14.724263154095734
1.0700000000000007 -0.94207348674549163 -0.33540653775857138 14.131102301182374 -14.131102301182374
1.0800000000000007 -0.88137249036222964 -0.47242198639847555 13.220587355433445 -13.220587355433445
1.0900000000000007 -0.80087776797177834 -0.59882785570524555 12.013166519576675 -12.013166519576675
1.1000000000000008 -0.70239705750270598 -0.7117853423691306 10.53595586254059 -10.53595586254059
1.1100000000000008 -0.58814202340032884 -0.80875766476155708 8.8221303510049331 -8.8221303510049331
1.1200000000000008 -0.46067858741135309 -0.88756703358150946 6.9101788111702964 -6.9101788111702964
1.1300000000000008 -0.32286930351322513 -0.94644356030821242 4.8430395526983769 -4.8430395526983769
1.1400000000000008 -0.17780907112310515 -0.98406500508164529 2.6671360668465773 -2.6671360668465773
1.1500000000000008 -0.02875563032917651 -0.99958647135921752 0.43133445493764766 -0.43133445493764766
1.1600000000000008 0.12094359992848824 -0.9926593804706314 -1.8141539989273237 1.8141539989273237
1.1700000000000008 0.26792669767068655 -0.96343929994332311 -4.0189004650602982 4.0189004650602982
1.1800000000000008 0.40889273939889281 -0.91258244979117864 -6.133391090983392 6.133391090983392
1.1900000000000008 0.5406759317206391 -0.84123096522775409 -8.110138975809587 8.110138975809587
1.2000000000000008 0.66031670824409083 -0.75098724677166673 -9.9047506236613625 9.9047506236613625
1.2100000000000009 0.76512819505873575 -0.64387797378553113 -11.476922925881036 11.476922925881036
1.2200000000000009 0.85275655213087875 -0.52230858962672244 -12.791348281963181 12.791348281963181
1.2300000000000009 0.92123383547620952 -0.38900928057540235 -13.818507532143142 13.818507532143142
1.2400000000000009 0.96902219293905245 -0.24697366173661056 -14.535332894085787 14.535332894085787
1.2500000000000009 0.99504840103638015 -0.099391546898834032 -14.925726015545703 14.925726015545703
1.2600000000000009 0.99872796724350088 0.050422687806825413 -14.980919508652514 14.980919508652514
1.2700000000000009 0.97997825643607694 0.19910453764921215 -14.699673846541154 14.699673846541154
1.2800000000000009 0.93922034669686594 0.34331492881990872 -14.088305200452989 14.088305200452989
1.2900000000000009 0.87736957280976868 0.47981520683238471 -13.16054359214653 13.16054359214653
1.3000000000000009 0.7958149698139354 0.60553986971961238 -11.937224547209031 11.937224547209031
1.3100000000000009 0.6963880782713594 0.71766541259943895 -10.445821174070391 10.445821174070391
1.320000000000001 0.58132181181442411 0.81367373750711358 -8.7198271772163611 8.7198271772163611
1.330000000000001 0.45320031071960587 0.89140870444687303 -6.7980046607940885 6.7980046607940885
1.340000000000001 0.31490090768792073 0.94912455364789905 -4.7235136153188106 4.7235136153188106
1.350000000000001 0.16952950915564446 0.98552511156512201 -2.5429426373346669 2.5429426373346669
1.360000000000001 0.02035084333166522 0.99979290014266953 -0.30526264997497832 0.30526264997497832
1.370000000000001 -0.12928485855972466 0.99160749560861627 1.9392728783958699 -1.9392728783958699
1.380000000000001 -0.2760171012494807 0.96115272450211253 4.1402565187422109 -4.1402565187422109
1.390000000000001 -0.41655059490274021 0.90911253532561809 6.248258923541103 -6.248258923541103
1.400000000000001 -0.54772926022428026 0.8366556385360483 8.2159389033642043 -8.2159389033642043
1.410000000000001 -0.66660710719540794 0.74540925982749229 9.9991066079311199 -9.9991066079311199
1.420000000000001 -0.77051439565857782 0.63742259615022789 11.557715934878667 -11.557715934878667
1.430000000000001 -0.85711759192573456 0.51512079516500775 12.856763878886019 -12.856763878886019
1.4400000000000011 -0.92447177491412702 0.38125049165492703 13.867076623711906 -13.867076623711906
1.4500000000000011 -0.97106431488084111 0.23881812402956892 14.565964723212616 -14.565964723212616
1.4600000000000011 -0.99584884382578109 0.091022416199830189 14.937732657386716 -14.937732657386716
1.4700000000000011 -0.99826875466111642 -0.058817458865067104 14.974031319916746 -14.974031319916746
1.4800000000000011 -0.97826970140650371 -0.20733642060677615 14.674045521097556 -14.674045521097556
1.4900000000000011 -0.93630081968264212 -0.35119905333245482 14.044512295239631 -14.044512295239631
1.5000000000000011 -0.87330464009350695 -0.48717451246052507 13.099569601402605 -13.099569601402605
1.5100000000000011 -0.7906959210209682 -0.61220908232466043 11.860438815314524 -11.860438815314524
1.5200000000000011 -0.69032987620155972 -0.72349475604425728 10.354948143023396 -10.354948143023396
1.5300000000000011 -0.5744605106255759 -0.81853229730524535 8.6169076593836387 -8.6169076593836387
1.5400000000000011 -0.44569000044432044 -0.89518736781968811 6.6853500066648071 -6.6853500066648071
1.5500000000000012 -0.30691025370371272 -0.95173845996235895 4.603653805555691 -4.603653805555691
1.5600000000000012 -0.16123796432417134 -0.98691555812065157 2.41856946486257 -2.41856946486257
1.5700000000000012 -0.011944617874331841 -0.99992866050725648 0.1791692681149776 -0.1791692681149776
1.5800000000000012 0.1376169789418934 -0.99048552089715403 -2.0642546841284011 2.0642546841284011
1.5900000000000012 0.28408799509569044 -0.95879821184778546 -4.2613199264353563 4.2613199264353563
1.6000000000000012 0.42417900733701308 -0.90557836200661634 -6.362685110055196 6.362685110055196
1.6100000000000012 0.55474387354923027 -0.83202117446588797 -8.3211581032384547 8.3211581032384547
1.6200000000000012 0.67285038831835986 -0.73977858507788141 -10.092755824775399 10.092755824775399
1.6300000000000012 0.77584613394522872 -0.63092216353702635 -11.63769200917843 11.63769200917843
1.6400000000000012 0.86141804802871191 -0.50789659039060675 -12.921270720430678 12.921270720430678
1.6500000000000012 0.92764436986059118 -0.37346475478409824 -13.914665547908868 13.914665547908868
1.6600000000000013 0.97303779902800425 -0.23064570592737493 -14.595566985420064 14.595566985420064
1.6700000000000013 0.9965788969742756 -0.082646851758165024 -14.948683454614134 14.948683454614134
1.6800000000000013 0.99773898139112904 0.067208072525496196 -14.966084720866936 14.966084720866936
1.6900000000000013 0.97649199928355535 0.21555364839223867 -14.647379989253331 14.647379989253331
1.7000000000000013 0.9333151120639156 0.35905835402218489 -13.999726680958734 13.999726680958734
1.7100000000000013 0.86917797953531517 0.49449938310467817 -13.037669693029727 13.037669693029727
1.7200000000000013 0.78552098342289578 0.61883502212005326 -11.782814751343437 11.782814751343437
1.7300000000000013 0.68422287950555583 0.7292729606677637 -10.263343192583337 10.263343192583337
1.7400000000000013 0.5675586048115292 0.82333300073809168 -8.5133790721729383 8.5133790721729383
1.7500000000000013 0.4381481874371852 0.89890275661247654 -6.5722228115577783 6.5722228115577783
1.7600000000000013 0.29889790636445124 0.95428509449270338 -4.4834685954667686 4.4834685954667686
1.7700000000000014 0.15293502270042436 0.9882362464672203 -2.2940253405063653 2.2940253405063653
1.7800000000000014 0.0035375481348886291 0.99999374285702081 -0.053063222023329436 0.053063222023329436
1.7900000000000014 -0.1459393721352519 0.98929353564084732 2.1890905820287787 -2.1890905820287787
1.8000000000000014 -0.29213880873385656 0.95637592840449681 4.3820821310078486 -4.3820821310078486
1.8100000000000014 -0.43177743750219799 0.9019801796403486 6.4766615625329695 -6.4766615625329695
1.8200000000000014 -0.56171927588116743 0.82732790059536665 8.4257891382175121 -8.4257891382175121
1.8300000000000014 -0.67904611031874917 0.73409562051614041 10.185691654781238 -10.185691654781238
1.8400000000000014 -0.78112303305512765 0.62437713541637474 11.716845495826915 -11.716845495826915
1.8500000000000014 -0.86565761647042727 0.50063648593239662 12.984864247056409 -12.984864247056409
1.8600000000000014 -0.93075139606689161 0.36565262028260148 13.961270941003374 -13.961270941003374
1.8700000000000014 -0.97494250588864717 0.22245698508153261 14.624137588329708 -14.624137588329708
1.8800000000000014 -0.99723850887947529 0.074265445584340048 14.95857763319213 -14.95857763319213
1.8900000000000015 -0.99713868487953361 -0.075593935713879304 14.957080273193004 -14.957080273193004
1.9000000000000015 -0.97464527572065296 -0.22375564018681721 14.619679135809795 -14.619679135809795
1.9100000000000015 -0.93026343487962782 -0.36689227536970104 13.953951523194418 -13.953951523194418
1.9200000000000015 -0.86498988282017797 -0.5017893010205926 12.97484824230267 -12.97484824230267
1.9300000000000015 -0.78029052280012678 -0.62541722076411099 11.704357842001901 -11.704357842001901
1.9400000000000015 -0.67806751984454294 -0.7349996180487921 10.171012797668144 -10.171012797668144
1.9500000000000015 -0.56061658222008848 -0.82807550847725642 8.4092487333013271 -8.4092487333013271
1.9600000000000015 -0.4305754047766075 -0.90255460821019606 6.458631071649112 -6.458631071649112
1.9700000000000015 -0.29086443200734258 -0.95676427723501778 4.3629664801101384 -4.3629664801101384
1.9800000000000015 -0.14462127116169868 -0.98948708325453871 2.1693190674254801 -2.1693190674254801
1.9900000000000015 0.0048697716492721596 -0.99998814259174296 -0.073046574739082396 0.073046574739082396
2.0000000000000013 0.15425144988760511 -0.9880316240928585 -2.3137717483140765 2.3137717483140765
2.0100000000000011 0.30016897310785395 -0.95388604538664701 -4.5025345966178092 4.5025345966178092
2.0200000000000009 0.43934534831801381 -0.89831824255734849 -6.590180224770207 6.590180224770207
2.0300000000000007 0.56865497417732025 -0.8225761486594364 -8.5298246126598034 8.5298246126598034
2.0400000000000005 0.68519383526399213 -0.72836076783158854 -10.277907528959883 10.277907528959883
2.0500000000000003 0.78634472000089473 -0.61778797441089317 -11.795170800013421 11.795170800013421
2.0600000000000001 0.86983599758521091 -0.49334099495677519 -13.047539963778163 13.047539963778163
2.0699999999999998 0.93379263391890777 -0.35781464033601079 -14.006889508783617 14.006889508783617
2.0799999999999996 0.97677830083226025 -0.21425254029589116 -14.651674512483904 14.651674512483904
2.0899999999999994 0.99782763291799204 -0.065878790101800144 -14.96741449376988 14.96741449376988
2.0999999999999992 0.99646790755712578 0.083974455691736213 -14.947018613356887 14.947018613356887
2.109999999999999 0.97272966124987292 0.23194181624861759 -14.590944918748093 14.590944918748093
2.1199999999999988 0.92714600383167056 0.37470026364944553 -13.907190057475059 13.907190057475059
2.1299999999999986 0.86074064597559896 0.50904375093454257 -12.911109689633985 12.911109689633985
2.1399999999999983 0.7750049088576475 0.63195521300686297 -11.625073632864712 11.625073632864712
2.1499999999999981 0.67186423229820014 0.74067432340965489 -10.077963484473003 10.077963484473003
2.1599999999999979 0.55363493353467863 0.832759485307764 -8.3045240030201803 8.3045240030201803
2.1699999999999977 0.42297218773006662 0.90614266448878855 -6.3445828159509992 6.3445828159509992
2.1799999999999975 0.28281039846297645 0.95917583295306841 -4.2421559769446464 4.2421559769446464
2.1899999999999973 0.13629729734944476 0.99066798006962808 -2.0444594602416712 2.0444594602416712
2.1999999999999971 -0.01327674722301685 0.99991186010726774 0.19915120834525274 -0.19915120834525274
2.2099999999999969 -0.16255262467581821 0.98669987544896476 2.438289370137273 -2.438289370137273
2.2199999999999966 -0.30817792062105981 0.95132873878679802 4.622668809315897 -4.622668809315897
2.2299999999999964 -0.44688220486133573 0.89459280959455023 6.7032330729200362 -6.7032330729200362
2.2399999999999962 -0.57555047820129679 0.81776625452647445 8.6332571730194516 -8.6332571730194516
2.249999999999996 -0.69129312861406611 0.72257443238117436 10.369396929210991 -10.369396929210991
2.2599999999999958 -0.7915108256977178 0.61115514626264666 11.872662385465768 -11.872662385465768
2.2699999999999956 -0.87395289603229787 0.48601063313137455 13.109293440484468 -13.109293440484468
2.2799999999999954 -0.9367678684526447 0.34995136895672874 14.051518026789671 -14.051518026789671
2.2899999999999952 -0.97854505409924297 0.20603295148570219 14.678175811488645 -14.678175811488645
2.2999999999999949 -0.9983462274487378 0.057487478105002598 14.975193411731066 -14.975193411731066
2.3099999999999947 -0.99572669683649828 -0.092349040098293034 14.935900452547473 -14.935900452547473
2.3199999999999945 -0.97074529127270115 -0.24011159795369863 14.561179369090517 -14.561179369090517
2.3299999999999943 -0.92396303926959422 -0.38248176696895547 13.859445589043913 -13.859445589043913
2.3399999999999941 -0.85643056935061979 -0.5162622200798479 12.846458540259297 -12.846458540259297
2.3499999999999939 -0.76966451519878487 -0.63844853672306234 11.544967727981772 -11.544967727981772
2.3599999999999937 -0.66561345533382843 -0.7462966756448548 9.9842018300074269 -9.9842018300074269
2.3699999999999934 -0.54661415223954191 -0.83738460015183402 8.1992122835931287 -8.1992122835931287
2.3799999999999932 -0.41533907371615386 -0.90966667183348393 6.2300861057423083 -6.2300861057423083
2.389999999999993 -0.27473637501500986 -0.96151959119074215 4.1210456252251477 -4.1210456252251477
2.3999999999999928 -0.1279636896275104 -0.99177885344310213 1.9194553444126559 -1.9194553444126559
2.4099999999999926 0.02168278435567662 -0.99976490079547464 -0.32524176533514931 0.32524176533514931
2.4199999999999924 0.17084230974753764 -0.98529838384122315 -2.5626346462130645 2.5626346462130645
2.4299999999999922 0.3161650851766426 -0.94870418936317891 -4.7424762776496392 4.7424762776496392
2.439999999999992 0.45438747440416155 -0.89080414407691633 -6.815812116062423 6.815812116062423
2.4499999999999917 0.5824053005578349 -0.81289855817447365 -8.7360795083675242 8.7360795083675242
2.4599999999999915 0.69734355925230374 -0.71673702316074672 -10.460153388784557 10.460153388784557
2.4699999999999913 0.79662098498948475 -0.60447911980016578 -11.949314774842271 11.949314774842271
2.4799999999999911 0.87800802081674567 -0.4786459185885335 -13.170120312251186 13.170120312251186
2.4899999999999909 0.93967688936944505 -0.34206336194477721 -14.095153340541676 14.095153340541676
2.4999999999999907 0.98024264081008006 -0.19779879963660155 -14.703639612151202 14.703639612151202
2.5099999999999905 0.99879425581586889 -0.049092102717491717 -14.981913837238034 14.981913837238034
2.5199999999999902 0.99491510510868797 0.10071709699235915 -14.923726576630319 14.923726576630319
2.52999999999999 0.96869230605046808 0.24826440783693951 -14.530384590757022 14.530384590757022
2.5399999999999898 0.92071476617505899 0.39023623530780222 -13.810721492625884 13.810721492625884
2.5499999999999896 0.85205995759461894 0.52344419823306487 -12.780899363919284 12.780899363919284
2.5599999999999894 0.7642697192988811 0.64489673294474781 -11.464045789483217 11.464045789483217
2.5699999999999892 0.65931563077544364 0.75186627734935607 -9.8897344616316545 9.8897344616316545
2.579999999999989 0.53955473458495928 0.84195052609221288 -8.0933210187743896 8.0933210187743896
2.5899999999999888 0.40767660226668201 0.91312638115667955 -6.1151490340002299 6.1151490340002299
2.5999999999999885 0.26664293236010161 0.96379538628404227 -3.9996439854015242 3.9996439854015242
2.6099999999999883 0.11962103704076785 0.99281962485503439 -1.7943155556115178 1.7943155556115178
2.6199999999999881 -0.030087288882839926 0.99954727504389729 0.45130933324259892 -0.45130933324259892
2.6299999999999879 -0.1791199191624924 0.98382724833134305 2.686798787437386 -2.686798787437386
2.6399999999999877 -0.32412990221738885 0.94601258262696797 4.8619485332608328 -4.8619485332608328
2.6499999999999875 -0.46186062645109088 0.88695251379891016 6.9279093967663634 -6.9279093967663634
2.6599999999999873 -0.58921895672712732 0.80797340366709824 8.8382843509069104 -8.8382843509069104
2.6699999999999871 -0.7033446995157796 0.71084895277622628 10.550170492736694 -10.550170492736694
2.6799999999999868 -0.80167483667451134 0.59776036690541434 12.02512255011767 -12.02512255011767
2.6899999999999866 -0.88200108530993515 0.47124737188879529 13.230016279649027 -13.230016279649027
2.6999999999999864 -0.94251949105081423 0.33415117684861478 14.137792365762213 -14.137792365762213
2.7099999999999862 -0.98187094097415561 0.18955066676360241 14.728064114612334 -14.728064114612334
2.719999999999986 -0.99917168635137021 0.04069325735007074 14.987575295270553 -14.987575295270553
2.7299999999999858 -0.99403318973947974 -0.10907803489408595 14.910497846092197 -14.910497846092197
2.7399999999999856 -0.9665708506944477 -0.25639966963280514 14.498562760416716 -14.498562760416716
2.7499999999999853 -0.91740141414593279 -0.39796312055646893 13.761021212188991 -13.761021212188991
2.7599999999999851 -0.84762911963579979 -0.5305891777500169 12.714436794536997 -12.714436794536997
2.7699999999999849 -0.75882090247860412 -0.65129934589369642 11.382313537179062 -11.382313537179062
2.7799999999999847 -0.65297120377254558 -0.75738273484667762 9.794568056588183 -9.794568056588183
2.7899999999999845 -0.53245717955214145 -0.84645694039530361 7.986857693282122 -7.986857693282122
2.7999999999999843 -0.39998531498856621 -0.91652154791553997 5.9997797248284934 -5.9997797248284934
2.8099999999999841 -0.25853064256752273 -0.96600305737281378 3.877959638512841 -3.877959638512841
2.8199999999999839 -0.11126992927341514 -0.99379022074051881 1.6690489391012271 -1.6690489391012271
2.8299999999999836 0.038489666748445776 -0.99925899823498887 -0.57734500122668664 0.57734500122668664
2.8399999999999834 0.18738486783393471 -0.98228657290368115 -2.8107730175090206 2.8107730175090206
2.8499999999999832 0.33207180876567916 -0.94325410882915861 -4.9810771314851872 4.9810771314851872
2.859999999999983 0.46930113277688296 -0.88303819100553882 -7.0395169916532447 7.0395169916532447
2.8699999999999828 0.59599096509913629 -0.8029911391293183 -8.9398644764870436 8.9398644764870436
2.8799999999999826 0.70929612522554752 -0.7049106374144346 -10.639441878383213 10.639441878383213
2.8899999999999824 0.80667202353110934 -0.59099936248038831 -12.100080352966639 12.100080352966639
2.8999999999999821 0.88593180726985643 -0.46381551598406662 -13.288977109047847 13.288977109047847
2.9099999999999819 0.9452954725729793 -0.32621537292566055 -14.179432088594689 14.179432088594689
2.9199999999999817 0.98342983949823437 -0.18128913586996034 -14.751447592473516 14.751447592473516
2.9299999999999815 0.99947849237729769 -0.032291535658808164 -14.992177385659465 14.992177385659465
2.9399999999999813 0.99308101306534902 0.11743126282681349 -14.896215195980234 14.896215195980234
2.9499999999999811 0.96438107515558702 0.26451680831613344 -14.465716127333806 14.465716127333806
2.9599999999999809 0.91402321738006975 0.40566187655507607 -13.710348260701046 13.710348260701046
2.9699999999999807 0.84313836865933556 0.53769665360170738 -12.647075529890033 12.647075529890033
2.9799999999999804 0.75331844987699004 0.65765592301364462 -11.299776748154851 11.299776748154851
2.9899999999999802 0.64658062276862083 0.76284565821674732 -9.6987093415293124 9.6987093415293124
2.99999999999998 0.52532198881798364 0.85090352453396167 -7.8798298322697544 7.8798298322697544
3.0099999999999798 0.39226575552550591 0.91985193212929872 -5.8839863328825883 5.8839863328825883
3.0199999999999796 0.25040007903872441 0.96814244841211283 -3.7560011855808662 3.7560011855808662
3.0299999999999794 0.10291095660726711 0.99469057249487247 -1.5436643491090067 1.5436643491090067
3.0399999999999792 -0.046889324046730817 0.99890009074503572 0.70333986070096222 -0.70333986070096222
3.049999999999979 -0.19563657157002395 0.98067646645788686 2.9345485735503591 -2.9345485735503591
3.0599999999999787 -0.33999024346327111 0.94042896294711464 5.0998536519490667 -5.0998536519490667
3.0699999999999785 -0.47670846746381529 0.87906145237309807 7.1506270119572291 -7.1506270119572291
3.0799999999999783 -0.60272084700759976 0.79795211672282784 9.0408127051139964 -9.0408127051139964
3.0899999999999781 -0.71519741571664275 0.69892249681365648 10.727961235749641 -10.727961235749641
3.0999999999999779 -0.81161219234282955 0.58419658441355671 12.174182885142443 -12.174182885142443
3.1099999999999777 -0.88979990886107063 0.45635087618063175 13.34699863291606 -13.34699863291606
3.1199999999999775 -0.9480046377210769 0.31825651110280478 14.220069565816154 -14.220069565816154
3.1299999999999772 -0.9849192261946027 0.17301479090593697 14.773788392919041 -14.773788392919041
3.139999999999977 -0.9997146522076632 0.023887531503086923 14.995719783114948 -14.995719783114948
3.1499999999999768 -0.9920586423890525 -0.12577619035886711 14.880879635835788 -14.880879635835788
3.1599999999999766 -0.96212313421391749 -0.27261525014273874 14.431847013208762 -14.431847013208762
3.1699999999999764 -0.91058041465874529 -0.41333195913201221 13.658706219881179 -13.658706219881179
3.1799999999999762 -0.83858802208523875 -0.54476612341000719 12.578820331278582 -12.578820331278582
3.189999999999976 -0.74776275042420226 -0.66396601500229824 11.216441256363034 -11.216441256363034
3.1999999999999758 -0.64014433946947813 -0.76825466132343478 9.6021650920421724 -9.6021650920421724
3.2099999999999755 -0.51814966671958129 -0.85528996421002557 7.7722450007937196 -7.7722450007937196
3.2199999999999753 -0.38451846951957164 -0.92311729839621481 5.7677770427935746 -5.7677770427935746
3.2299999999999751 -0.24225181646678087 -0.97021340818324353 3.6337772470017131 -3.6337772470017131
3.2399999999999749 -0.094544709880074865 -0.99552061647847978 1.4181706482011229 -1.4181706482011229
3.2499999999999747 0.0552856670642368 -0.99847057794271654 -0.82928500596355204 0.82928500596355204
3.2599999999999745 0.20387444711510508 -0.97899704280120792 -3.058116706726576 3.058116706726576
3.2699999999999743 0.34788464661100454 -0.93753734467077976 -5.2182696991650683 5.2182696991650683
3.279999999999974 0.48408210693881931 -0.87502257898963587 -7.2612316040822895 7.2612316040822895
3.2899999999999738 0.60940812676388934 -0.79285669262113645 -9.1411219014583409 9.1411219014583409
3.2999999999999736 0.72104815386780641 -0.69288495423398255 -10.815722308017095 10.815722308017095
3.3099999999999734 0.81649499392344504 -0.57735251354605999 -12.247424908851675 12.247424908851675
3.3199999999999732 0.89360511667432807 -0.44885398010206012 -13.404076750114921 13.404076750114921
3.329999999999973 0.95064679500303162 -0.31027515393673388 -14.259701925045475 14.259701925045475
3.3399999999999728 0.98633899578885409 -0.16472821672753868 -14.795084936832811 14.795084936832811
3.3499999999999726 0.99988014914996837 -0.015481838903600239 -14.998202237249526 14.998202237249526
3.3599999999999723 0.99096614997487631 0.13411222764524874 -14.864492249623144 14.864492249623144
3.3699999999999721 0.95979718746760834 0.28069442268999328 -14.396957812014126 14.396957812014126
3.3799999999999719 0.90707324932978473 0.4209728261423844 -13.606098739946772 13.606098739946772
3.3899999999999717 0.83397840154590941 0.5517970874831889 -12.509676023188641 12.509676023188641
3.3999999999999715 0.74215419681406825 0.6702291758430583 -11.132312952211024 11.132312952211024
3.4099999999999713 0.63366280881129888 0.77360936184186346 -9.504942132169484 9.504942132169484
3.4199999999999711 0.5109407202185946 0.85961594937652464 -7.6641108032789189 7.6641108032789189
3.4299999999999708 0.37674400457261109 0.92631741591022265 -5.6511600685891663 5.6511600685891663
3.4399999999999706 0.23408643079580935 0.97221579030443583 -3.5112964619371403 3.5112964619371403
3.4499999999999704 0.086171780443735344 0.99628029402129437 -1.2925767066560301 1.2925767066560301
3.4599999999999702 -0.063678102321761895 0.99797049018730966 0.95517153482642847 -0.95517153482642847
3.46999999999997 -0.21209791219096266 0.97724842064044015 3.1814686828644398 -3.1814686828644398
3.4799999999999698 -0.35575446020832258 0.93457945838857648 5.336316903124839 -5.336316903124839
3.4899999999999696 -0.49142153001051347 0.87092185633507102 7.371322950157702 -7.371322950157702
3.4999999999999694 -0.61605233169062112 0.78770522698440248 9.2407849753593165 -9.2407849753593165
3.5099999999999691 -0.72684792613098836 0.68679843642737082 10.902718891964826 -10.902718891964826
3.5199999999999689 -0.82132008314160765 0.57046763363775743 12.319801247124115 -12.319801247124115
3.5299999999999687 -0.89734716174590656 0.44132535765188691 13.460207426188598 -13.460207426188598
3.5399999999999685 -0.9532217576630867 0.30227186557418068 14.2983263649463 -14.2983263649463
3.5499999999999683 -0.98768904792733536 0.15642999905514904 14.815335718910031 -14.815335718910031
3.5599999999999681 -0.99997497150638304 0.0070750520004069896 14.999624572595746 -14.999624572595746
3.5699999999999679 -0.98980361304352416 -0.14243878546935709 14.847054195652863 -14.847054195652863
3.5799999999999677 -0.95740339932168872 -0.28875375489727401 14.361050989825332 -14.361050989825332
3.5899999999999674 -0.90350196929034987 -0.42858393750636486 13.552529539355248 -13.552529539355248
3.5999999999999672 -0.82930983286342408 -0.55878904885120961 12.439647492951361 -12.439647492951361
3.609999999999967 -0.73649318547630427 -0.67644496283656808 11.047397782144564 -11.047397782144564
3.6199999999999668 -0.62713648892849161 -0.7789093812854252 9.4070473339273732 -9.4070473339273732
3.6299999999999666 -0.50369565886539014 -0.86388117425960875 7.555434882980852 -7.555434882980852
3.6399999999999664 -0.3689429102075823 -0.92945205847722978 5.534143653113734 -5.534143653113734
3.6499999999999662 -0.22590449918023323 -0.9741494532411995 3.3885674877034986 -3.3885674877034986
3.6599999999999659 -0.077792760122506868 -0.99696955142698418 1.1668914018376031 -1.1668914018376031
3.6699999999999657 0.072066036616337967 -0.99739986282654591 -1.0809905492450695 1.0809905492450695
3.6799999999999655 0.22030638553793647 -0.97543072357354532 -3.3045957830690469 3.3045957830690469
3.6899999999999653 0.36359912799273963 -0.9315555131729506 -5.4539869198910944 5.4539869198910944
3.6999999999999651 0.49872621790602989 -0.86675957426102146 -7.4808932685904486 7.4808932685904486
3.7099999999999649 0.62265299215508851 -0.78249808393395781 -9.339794882326327 9.339794882326327
3.7199999999999647 0.73259632256054841 -0.68066337360751306 -10.988944838408226 10.988944838408226
3.7299999999999645 0.82608711894525966 -0.56354243133301019 -12.391306784178894 12.391306784178894
3.7399999999999642 0.90102577957661678 -0.43376554097617059 -13.515386693649251 13.515386693649251
3.749999999999964 0.95572934369501328 -0.29424721171202156 -14.335940155425199 14.335940155425199
3.7599999999999638 0.9889692871842326 -0.14812072443217039 -14.834539307763489 14.834539307763489
3.7699999999999636 0.99999911257457319 0.0013322349890923118 -14.999986688618598 14.999986688618598
3.7799999999999634 0.98857111376666174 0.15075527528462121 -14.828566706499926 14.828566706499926
3.7899999999999632 0.95494193897641932 0.29679267710635426 -14.324129084646289 14.324129084646289
3.799999999999963 0.89986682696943554 0.43616475524732623 -13.498002404541532 13.498002404541532
3.8099999999999627 0.82458264602649067 0.56574151330086353 -12.36873969039736 12.36873969039736
3.8199999999999625 0.73078011654850406 0.68261293663199407 -10.961701748227561 10.961701748227561
3.8299999999999623 0.62056584112128754 0.78415434503255088 -9.3084876168193134 9.3084876168193134
3.8399999999999621 0.49641499476306072 0.86808533738013938 -7.4462249214459106 7.4462249214459106
3.8499999999999619 0.36111573782968531 0.93252100453111619 -5.4167360674452798 5.4167360674452798
3.8599999999999617 0.21770659994400079 0.97601426031632488 -3.2655989991600118 3.2655989991600118
3.8699999999999615 0.069408241171148882 0.99758833997672991 -1.0411236175672332 1.0411236175672332
3.8799999999999613 -0.080448877063117416 0.99675873619411204 1.2067331559467613 -1.2067331559467613
3.889999999999961 -0.22849928695603441 0.9735440800809092 3.4274893043405164 -3.4274893043405164
3.8999999999999608 -0.3714180954791465 0.92846572276559769 5.5712714321871974 -5.5712714321871974
3.9099999999999606 -0.50599565430770777 0.86253602697030263 7.5899348146156163 -7.5899348146156163
3.9199999999999604 -0.62920964160242421 0.77723563152659758 9.4381446240363633 -9.4381446240363633
3.9299999999999602 -0.73829293684225206 0.67448019941940651 11.074394052633782 -11.074394052633782
3.93999999999996 -0.83079576438573211 0.55657739612629542 12.461936465785982 -12.461936465785982
3.9499999999999598 -0.90464071015051017 0.42617506442585379 13.569610652257653 -13.569610652257653
3.9599999999999596 -0.95816937585496176 0.28620175955733229 14.372540637824427 -14.372540637824427
3.9699999999999593 -0.99017962306832097 0.13980098018353718 14.852694346024814 -14.852694346024814
3.9799999999999591 -0.99995257064817433 -0.009739427812142416 14.999288559722615 -14.999288559722615
3.9899999999999589 -0.98726873926110403 -0.15906110925612887 14.80903108891656 -14.80903108891656
3.9999999999999587 -0.95241298041534472 -0.30481062110162793 14.286194706230171 -14.286194706230171
4.0099999999999589 -0.89616807931001463 -0.44371474352989371 13.44252118965022 -13.44252118965022
4.0199999999999587 -0.81979717516712725 -0.57265398941070733 12.296957627506909 -12.296957627506909
4.0299999999999585 -0.72501539384783154 -0.68873266125810662 10.875230907717473 -10.875230907717473
4.0399999999999583 -0.61395132982316225 -0.78934388235316721 9.2092699473474333 -9.2092699473474333
4.0499999999999581 -0.4890992425311983 -0.87222814157501705 7.3364886379679746 -7.3364886379679746
4.0599999999999579 -0.353263040687394 -0.93552403714939181 5.29894561031091 -5.29894561031091
4.0699999999999577 -0.20949331253967277 -0.97781007971955114 3.1423996880950913 -3.1423996880950913
4.0799999999999574 -0.06101881623309497 -0.99813661593266467 0.91528224349642451 -0.91528224349642451
4.0899999999999572 0.088826031137308498 -0.99604715560679857 -1.3323904670596274 1.3323904670596274
4.099999999999957 0.23667603734593604 -0.97158862351626218 -3.5501405601890403 3.5501405601890403
4.1099999999999568 0.379210809999036 -0.92531030556234217 -5.6881621499855397 5.6881621499855397
4.1199999999999566 0.51322932538955712 -0.85825151299614966 -7.698439880843357 7.698439880843357
4.1299999999999564 0.63572181658860472 -0.7719182417285424 -9.5358272488290705 9.5358272488290705
4.1399999999999562 0.7439373663219857 -0.66824935090870663 -11.159060494829786 11.159060494829786
4.1499999999999559 0.83544568664158136 -0.54957302032757815 -12.531685299623721 12.531685299623721
4.1599999999999557 0.90819169795324151 -0.41855446451902556 -13.622875469298622 13.622875469298622
4.1699999999999555 0.96054168167399923 -0.27813607778726857 -14.408125225109988 14.408125225109988
4.1799999999999553 0.99131997002936001 -0.13147135437420898 -14.869799550440399 14.869799550440399
4.1899999999999551 0.99983534901691196 0.018145932222672471 -14.997530235253679 14.997530235253679
4.1999999999999549 0.98589658158266269 0.16735570030214142 -14.78844872373994 14.78844872373994
4.2099999999999547 0.94981670239298566 0.31280702015030681 -14.247250535894786 14.247250535894786
4.2199999999999545 0.89240598775087998 0.45123336869781272 -13.386089816263199 13.386089816263199
4.2299999999999542 0.81495375853704477 0.57952598858579596 -12.224306378055672 12.224306378055672
4.239999999999954 0.71919942484252619 0.69480370415404347 -10.787991372637894 10.787991372637894
4.2499999999999538 0.60729342256801366 0.79447762643489717 -9.1094013385202057 9.1094013385202057
4.2599999999999536 0.48174891926955571 0.87630929401816526 -7.2262337890433352 7.2262337890433352
4.2699999999999534 0.34538537383335055 0.93846094406853009 -5.1807806075002585 5.1807806075002585
4.2799999999999532 0.20126521750754131 0.97953678451686643 -3.0189782626131199 3.0189782626131199
4.289999999999953 0.052625078298563055 0.99861434054096687 -0.78937617447844577 0.78937617447844577
4.2999999999999527 -0.097196906716049622 0.99526517136129689 1.4579536007407443 -1.4579536007407443
4.3099999999999525 -0.24483605874993175 0.96956449209725082 3.6725408812489762 -3.6725408812489762
4.3199999999999523 -0.38697672073950123 0.9220894845977271 5.8046508110925181 -5.8046508110925181
4.3299999999999521 -0.52042671985357214 0.85390633518112014 7.8064007978035823 -7.8064007978035823
4.3399999999999519 -0.6421890568131815 0.7665462903891691 9.6328358521977222 -9.6328358521977222
4.3499999999999517 -0.74952921203421685 0.66197126849083565 11.242938180513253 -11.242938180513253
4.3599999999999515 -0.84003655704207036 0.54252979902757825 12.600548355631055 -12.600548355631055
4.3699999999999513 -0.91167849199013029 0.41090427990299871 13.675177379851954 -13.675177379851954
4.379999999999951 -0.96284609347029759 0.27005073650887723 14.442691402054464 -14.442691402054464
4.3899999999999508 -0.99239024746413906 0.12313243576761129 14.885853711962087 -14.885853711962087
4.3999999999999506 -0.99964745596636961 -0.02655115402322809 14.994711839495544 -14.994711839495544
4.4099999999999504 -0.98445473771964098 -0.17563846213558351 14.766821065794614 -14.766821065794614
4.4199999999999502 -0.9471532884222148 -0.32078130904244512 14.207299326333223 -14.207299326333223
4.42999999999995 -0.88858081820816492 -0.45872009931166968 13.328712273122473 -13.328712273122473
4.4399999999999498 -0.81005273848374282 -0.58635702509221199 12.150791077256143 -12.150791077256143
4.4499999999999496 -0.7133326206230538 -0.70082563619993687 10.699989309345806 -10.699989309345806
4.4599999999999493 -0.60059258995706499 -0.79955521440902677 9.0088888493559747 -9.0088888493559747
4.4699999999999491 -0.47436454452142846 -0.88032850624126546 7.1154681678214269 -7.1154681678214269
4.4799999999999489 -0.33748329408513261 -0.94133151769897083 5.0622494112769889 -5.0622494112769889
4.4899999999999487 -0.1930228964344983 -0.98119425265950111 2.8953434465174746 -2.8953434465174746
4.4999999999999485 -0.044227620662605556 -0.99902148003460101 0.66341430993908335 -0.66341430993908335
4.5099999999999483 0.10556091212026252 -0.99441283873064423 -1.5834136818039377 1.5834136818039377
4.5199999999999481 0.25297877439273342 -0.96747182889567929 -3.7946816158910011 3.7946816158910011
4.5299999999999478 0.39471527878223495 -0.9188034875292227 -5.9207291817335239 5.9207291817335239
4.5399999999999476 0.52758732896592564 -0.84950080065565581 -7.913809934488885 7.913809934488885
4.5499999999999474 0.64861090515183761 -0.76112015721442694 -9.7291635772775642 9.7291635772775642
4.5599999999999472 0.75506807873019444 -0.65564639591985319 -11.326021180952917 11.326021180952917
4.569999999999947 0.84456805109045519 -0.53544823006269271 -12.668520766356828 12.668520766356828
4.5799999999999468 0.91510084580391693 -0.40322505131620451 -13.726512687058754 13.726512687058754
4.5899999999999466 0.96508244836098556 -0.2619463072187993 -14.476236725414783 14.476236725414783
4.5999999999999464 0.9933903797221787 -0.11478481378399188 -14.90085569583268 14.90085569583268
4.6099999999999461 0.99938890477740239 0.034954499107042111 -14.990833571661035 14.990833571661035
4.6199999999999459 0.98294330958596798 0.18390880930554676 -14.74414964378952 14.74414964378952
4.6299999999999457 0.94442292676127237 0.3287329241309308 -14.166343901419086 14.166343901419086
4.6399999999999455 0.88469284105654755 0.46617440618645545 -13.270392615848213 13.270392615848213
4.6499999999999453 0.80509446142629426 0.59314661609142227 -12.076416921394413 12.076416921394413
4.6599999999999451 0.70741539587307334 0.70679803174721911 -10.611230938096099 10.611230938096099
4.6699999999999449 0.59384930562565752 0.80457628737610976 -8.9077395843848635 8.9077395843848635
4.6799999999999446 0.46694664023703147 0.88428549415409297 -7.0041996035554721 7.0041996035554721
4.6899999999999444 0.32955735998589608 0.94413555513979375 -4.9433603997884408 4.9433603997884408
4.6999999999999442 0.18476693191300353 0.98278236699253796 -2.771503978695053 2.771503978695053
4.709999999999944 0.035827036883216055 0.99935800563570243 -0.5374055532482408 0.5374055532482408
4.7199999999999438 -0.11391745615647378 0.99349021796031689 1.7087618423471067 -1.7087618423471067
4.7299999999999436 -0.26110360872233895 0.96531078182737173 3.9165541308350842 -3.9165541308350842
4.7399999999999434 -0.40242593714229535 0.91545254662114806 6.0363890571344303 -6.0363890571344303
4.7499999999999432 -0.53471064659286704 0.84503522081640958 8.0206596988930059 -8.0206596988930059
4.7599999999999429 -0.6549869076887207 0.75564022573997958 9.8248036153308114 -9.8248036153308114
4.7699999999999427 -0.76055357490588649 0.64927518025708952 11.408303623588298 -11.408303623588298
4.7799999999999425 -0.8490398484868783 0.52832881397987241 12.735597727303174 -12.735597727303174
4.7899999999999423 -0.91845851749217067 0.3955173215499973 13.77687776238256 -13.77687776238256
4.7999999999999421 -0.9672505882736625 0.25382336276287476 14.508758824104937 -14.508758824104937
4.8099999999999419 -0.9943202961110722 0.10642907845880088 14.914804441666083 -14.914804441666083
4.8199999999999417 -0.99905971372519875 -0.043355373499992328 14.985895705877981 -14.985895705877981
4.8299999999999415 -0.9813624040140061 -0.19216615723860114 14.720436060210091 -14.720436060210091
4.8399999999999412 -0.94162581040047288 -0.33666130337128547 14.124387156007094 -14.124387156007094
4.849999999999941 -0.88074233111013955 -0.47359576242896995 13.211134966652093 -13.211134966652093
4.8599999999999408 -0.80007927783088484 -0.5998942816743712 12.001189167463272 -12.001189167463272
4.8699999999999406 -0.70144816884013095 -0.7127204686487032 10.521722532601965 -10.521722532601965
4.8799999999999404 -0.58706404620974406 -0.8095404904313579 8.8059606931461616 -8.8059606931461616
4.8899999999999402 -0.45949573073648703 -0.88817997806466109 6.8924359610473056 -6.8924359610473056
4.89999999999994 -0.32160813176489506 -0.94687285819305955 4.8241219764734256 -4.8241219764734256
4.9099999999999397 -0.1764979074998704 -0.98430101526320046 2.6474686124980562 -2.6474686124980562
4.9199999999999395 -0.027423920739310919 -0.99962389355761394 0.41135881108966377 -0.41135881108966377
4.9299999999999393 0.12226594815860237 -0.99249737426397155 -1.8339892223790355 1.8339892223790355
4.9399999999999391 0.26920998745060409 -0.96308150364174561 -4.0381498117590615 4.0381498117590615
4.9499999999999389 0.41010815080677571 -0.91203689872825155 -6.1516222621016352 6.1516222621016352
4.9599999999999387 0.54179616923652851 -0.84050991130421715 -8.1269425385479277 8.1269425385479277
4.9699999999999385 0.66131661374846695 -0.75010688330414677 -9.9197492062270047 9.9197492062270047
4.9799999999999383 0.76598531282965243 -0.64285807183954646 -11.489779692444786 11.489779692444786
4.989999999999938 0.85345163315102823 -0.52117205400121247 -12.801774497265423 12.801774497265423
4.9999999999999378 0.92175126972438559 -0.38778163541029498 -13.826269045865784 13.826269045865784
