<<<<<<< HEAD
=======
0 0.65028784015711683 0.75968791285882131 -0 0 15-0
0.01 0.65585913864539291 0.75488329578506597 -0.013977785452494399 0 14.992643101455958-1.4712594215506765
0.02 0.67235351051411474 0.74023020534111295 -0.027941859818396208 0 14.97057962235132-2.9410756555951774
0.029999999999999999 0.6990957392501046 0.71502807452739214 -0.04187852546058924 0 14.933831205189728-4.4080069302785354
0.040000000000000001 0.73490688750198363 0.67816802247094099 -0.055774111627717268 0 14.882433897221413-5.8706143036595622
0.050000000000000003 0.77803079294069 0.62822614179615388 -0.069614987864094716 0 14.816438115083724-7.3274630751974907
0.060000000000000005 0.82604547677913842 0.56360346902119574 -0.083387577380090699 0 14.735908595346467-8.7771241930781585
0.070000000000000007 0.87577498263476339 0.48271956640587904 -0.097078370369870853 0 14.640924331010511-10.218175655999236
0.080000000000000002 0.92322284382213682 0.38426498753459998 -0.11067393726343337 0 14.531578494021987-11.649203908039459
0.089999999999999997 0.96355415251431198 0.26751335512909646 -0.12416094189994029 0 14.407978343878089-13.068805225243636
0.099999999999999992 0.99115815933662188 0.13268573088482336 -0.1375261546094218 0 14.270245122414099-14.475587092563289
0.10999999999999999 0.99982603772242062 -0.018651924626824475 -0.15075646519002145 0 14.118513934874882-15.868169569802212
0.11999999999999998 0.98307698917064779 -0.18319288567838579 -0.16383889576805294 0 13.952933617387457-17.245186645227179
0.12999999999999998 0.93465800950749089 -0.35554803510003408 -0.17676061352825326 0 13.773666590964716-18.605287575515874
0.13999999999999999 0.84922618666771787 -0.52802924528647688 -0.18950894330174556 0 13.580888702183413-19.947138210727793
0.14999999999999999 0.72319578330980616 -0.69064307641712874 -0.20207137999936325 0 13.374789050692792-21.26942230299834
0.16 0.55569541845353165 -0.83138595243710633 -0.21443560087813959 0 13.15556980372298-22.570842797672409
0.17000000000000001 0.3495355912386045 -0.93692308673523417 -0.22658947762893042 0 12.923445997775161-23.850123105611011
0.18000000000000002 0.11203898005769243 -0.99370381248520523 -0.23852108827331273 0 12.678645327687999-25.106008355422819
0.19000000000000003 -0.14445551220526964 -0.98951129604139088 -0.2502187288580896 0 12.421407923287278-26.337266624392406
0.20000000000000004 -0.40262660043090026 -0.91536431032974852 -0.26167092493592925 0 12.151986113837786-27.542690146897574
0.21000000000000005 -0.64094321070715143 -0.76758830153175739 -0.27286644282087835 0 11.870644180528542-28.721096499130653
0.22000000000000006 -0.8353188570931952 -0.54976577465727905 -0.28379430060770655 0 11.577658097234153-29.871329758961359
0.23000000000000007 -0.96167728062979785 -0.27418389434917045 -0.29444377894427487 0 11.273315259806571-30.99226163980375
0.24000000000000007 -0.99929094286861364 0.037651181930414335 -0.30480443154636078 0 10.957914204162799-32.082792597374876
0.25000000000000006 -0.93454787852796806 0.35583741053868179 -0.31486609544462535 0 10.631764313445116-33.141852908259551
0.26000000000000006 -0.76459167503205405 0.6445149885547099 -0.32461890095367046 0 10.295185514541004-34.1684037192232
0.27000000000000007 -0.50011364238339695 0.86595978238138271 -0.33405328135340961 0 9.9485079642605516-35.161438066243619
0.28000000000000008 -0.1665145085240522 0.98603900452821502 -0.34315998227325256 0 9.5920717254790731-36.119981862261902
0.29000000000000009 0.19724952310640845 0.98035331673549941 -0.35193007076990085 0 9.2262264335627258-37.043094852683744
0.3000000000000001 0.54253087593615101 0.84003586152970433 -0.36035494408984892 0 8.8513309534042346-37.929871537693778
0.31000000000000011 0.81748168530406018 0.57595459386346892 -0.36842633810799519 0 8.4677530274052142-38.779442060478296
0.32000000000000012 0.97548385101346047 0.22007102583472671 -0.37613633543408626 0 8.0758689147503819-39.590973060485005
0.33000000000000013 0.98421419149606093 -0.17698142630726876 -0.38347737317904174 0 7.6760630223274369-40.363668490882922
0.34000000000000014 0.83357174161935021 -0.55241121601003296 -0.39044225037354213 0 7.2687275276547663-41.096770399420478
0.35000000000000014 0.54053819961456995 -0.84131947247014272 -0.39702413503160161 0 6.8542619941867304-41.789559671915839
0.36000000000000015 0.14932706504560975 -0.98878785775557754 -0.40321657085219925 0 6.4330729793739589-42.441356737650338
0.37000000000000016 -0.27405954629480295 -0.96171272482206804 -0.40901348355239203 0 6.0055736358630964-43.051522235972776
0.38000000000000017 -0.65259332299393358 -0.75770835734056374 -0.41440918682569933 0 5.5721833062271919-43.61945764346099
0.39000000000000018 -0.91270600574884875 -0.40861687076035241 -0.41939838791991402 0 5.1333271116242569-44.144605861025333
0.40000000000000019 -0.99973658123332887 0.022951430105675609 -0.42397619282886689 0 4.6894355347875081-44.626451760378153
0.4100000000000002 -0.89091294482216854 0.45417411281169645 -0.42813811109305572 0 4.2409439977563244-45.064522689333415
0.42000000000000021 -0.60255586409074613 0.79807670724677482 -0.43188006020442449 0 3.7882924347621456-45.458388935440524
0.43000000000000022 -0.18918511332676249 0.98194144066514477 -0.43519836961097741 0 3.331924860688273-45.80766414749781
0.44000000000000022 0.26606031581959588 0.96395638301013231 -0.43808978431729556 0 2.8722889355268717-46.112005714532067
0.45000000000000023 0.66817797190287753 0.74400147705751052 -0.44055146807742651 0 2.4098355252604242-46.371115101872434
0.46000000000000024 0.93079232486411601 0.36554842083375755 -0.44258100617701418 0 1.945018259598351-46.584738143988993
0.47000000000000025 0.99572462526355487 -0.092371373507993099 -0.44417640780193984 0 1.4782930870026574-46.752665293808725
0.48000000000000026 0.84689450652618237 -0.53176093765504628 -0.44533610799115136 0 1.0101178274390386-46.874731828264444
0.49000000000000027 0.51495206001355687 -0.85721897779260237 -0.44605896917176419 0 0.54095172329221997-46.950818009874858
0.50000000000000022 0.071194707347564501 -0.99746243721039174 -0.44634428227492945 0 0.071254988886006648-46.980849204197476
0.51000000000000023 -0.38804704202668006 -0.92163956793007973 -0.44619176743137334 0 -0.39851164095007552-46.964795953038994
0.52000000000000024 -0.7629649478140218 -0.64643985675942583 -0.44560157424592656 0 -0.86788736282467904-46.902674003351422
0.53000000000000025 -0.97265745571050199 -0.23224442695309783 -0.44457428165077406 0 -1.3364117567958216-46.794544291785584
0.54000000000000026 -0.97301757169713998 0.23073102342034779 -0.44311089733756881 0 -1.8036252380059221-46.640512884917165
0.55000000000000027 -0.76595349392249645 0.64289598314806751 -0.44121285676896727 0 -2.269069507497695-46.440730875203876
0.56000000000000028 -0.39797151337625508 0.9173977733464439 -0.43888202177055552 0 -2.732288001768659-46.195394232775918
0.57000000000000028 0.051211276170393026 0.99868784171681979 -0.43612067870454768 0 -3.1928263406233404-45.904743613204943
0.58000000000000029 0.48698996744443807 0.87340756328787605 -0.432931536227048 0 -3.6502327728837933-45.569064121440277
0.5900000000000003 0.82060335686853336 0.57149814583784475 -0.42931772263107654 0 -4.1040586195212798-45.18868503214383
0.60000000000000031 0.98746037231652872 0.15786707416210136 -0.42528278277796416 0 -4.5538587137744173-44.763979466698018
0.61000000000000032 0.9591532065385634 -0.28288712658371717 -0.42083067462012841 0 -4.9991918378220683-44.295364027203661
0.62000000000000033 0.74701732396928067 -0.66480457105060187 -0.4159657653186391 0 -5.4396211555826444-43.78329838782669
0.63000000000000034 0.39720627829586796 -0.9177293568816165 -0.41069282695938392 0 -5.8747146412152667-43.228284843894684
0.64000000000000035 -0.020858682877875897 -0.99978243400681943 -0.40501703187203447 0 -6.3040455029024729-42.630867819185404
0.65000000000000036 -0.42956164161248594 -0.90303753856370017 -0.39894394755640616 0 -6.7271926014987606-41.99163333189076
0.66000000000000036 -0.75820491177199223 -0.65201634317310297 -0.39247953122118684 0 -7.1437408636343207-41.311208419779931
0.67000000000000037 -0.95512940719946759 -0.29618881731556568 -0.3856301239403932 0 -7.5532816888687213-40.590260525125622
0.68000000000000038 -0.99486021238926403 0.10125787774187453 -0.37840244443328536 0 -7.9554133504951769-39.829496839996693
0.69000000000000039 -0.87960754792896656 0.4757000752852481 -0.37080358247384232 0 -8.3497413896022312-39.029663612559474
0.7000000000000004 -0.63568762289284475 0.77194640105440249 -0.36284099193626229 0 -8.7358790020063122-38.191545415068163
0.71000000000000041 -0.30632548689447153 0.95192683336423756 -0.35452248348330967 0 -9.1134474176756211-37.315964374262343
0.72000000000000042 0.057266964002394054 0.9983589008137046 -0.34585621690468099 0 -9.482076272273158-36.403779364926557
0.73000000000000043 0.40467738473168879 0.91445952031061539 -0.33685069311290655 0 -9.8414039704544258-35.455885167403125
0.74000000000000044 0.6934742676604112 0.72048139468889572 -0.32751474580463585 0 -10.191078040563484-34.473211589884251
0.75000000000000044 0.89390280192356397 0.44826084003981614 -0.31785753279549012 0 -10.530755480379362-33.456722556344829
0.76000000000000045 0.99083780305933733 0.13505720280142691 -0.3078885270369795 0 -10.860103093573738-32.407415161010306
0.77000000000000046 0.98326147514446549 -0.18220008643447366 -0.29761750732429754 0 -11.17879781654981-31.326318690287227
0.78000000000000047 0.88188407044972927 -0.47146631511383397 -0.28705454870410668 0 -11.486527035341785-30.214493613115767
0.79000000000000048 0.70567950527386059 -0.70853118197891563 -0.27621001259172634 0 -11.782988892264108-29.073030540734806
0.80000000000000049 0.47808933158296513 -0.87831121535965462 -0.26509453660741444 0 -12.06789258200963-27.903049156879703
0.8100000000000005 0.22350793638025931 -0.97470210955708825 -0.25371902414171571 0 -12.340958636906322-26.705697119462378
0.82000000000000051 -0.035541100029729128 -0.99936821552852917 -0.24209463366010986 0 -12.601919201052619-25.482148934810951
0.83000000000000052 -0.28033940920662831 -0.95990094053796959 -0.23023276775745133 0 -12.850518293062599-24.233604805573176
0.84000000000000052 -0.49700287965117113 -0.86774889087710361 -0.21814506197293873 0 -13.086512057163189-22.961289453413929
0.85000000000000053 -0.6767199951637104 -0.73624048255011609 -0.20584337337658357 0 -13.30966900239712-21.666450917661457
0.86000000000000054 -0.81538829925962508 -0.57891443360007544 -0.19333976893837573 0 -13.519770229696993-20.350359331080892
0.87000000000000055 -0.91286155585505713 -0.40826924919945234 -0.18064651369155349 0 -13.716609646607715-19.014305673975851
0.88000000000000056 -0.97200613149100412 -0.23495548587741635 -0.16777605870158938 0 -13.899994169446657-17.659600507840292
0.89000000000000057 -0.99772792852373671 -0.067371957398708104 -0.1547410288526937 0 -14.069743912703279-16.287572689802801
0.90000000000000058 -0.99608418289876044 0.088409844355188547 -0.14155421046381531 0 -14.225692365492378-14.899568069124294
0.91000000000000059 -0.97354780331427071 0.22848342316666664 -0.12822853874628834 0 -14.367686554887918-13.49694816702784
0.9200000000000006 -0.93645215915802682 0.35079531583000023 -0.11477708511542707 0 -14.495587195977201-12.081088841155516
0.9300000000000006 -0.89061440350662358 0.45475925968202235 -0.1012130443685158 0 -14.609268828488201-10.653378935962401
0.94000000000000061 -0.84111600205910708 0.54085475969071795 -0.087549721741770781 0 -14.708619939856021-9.2152189203715338
0.95000000000000062 -0.79220889303838093 0.61025000597370183 -0.073800519858970653 0 -14.793543074607786-7.7680195140262249
0.96000000000000063 -0.7473125474104485 0.66447269054710301 -0.059978925584556982 0 -14.863954929958647-6.3132003034871831
0.97000000000000064 -0.70906886317459961 0.70513923963730807 -0.046098496794102668 0 -14.919786437525113-4.8521883497320326
0.98000000000000065 -0.67942627514467757 0.73374378133175944 -0.032172849075122086 0 -14.960982831075624-3.3864167883228067
0.99000000000000066 -0.65973010795512299 0.75150261786471628 -0.018215642371272357 0 -14.987503700251816-1.9173234236149757
1.0000000000000007 -0.65080197687672048 0.75924751359049747 -0.0042405675830439653 0 -14.999323030207847-0.4463493183866577
1.0100000000000007 -0.65299636166548647 0.75736104445082009 0.0097386668619147739 0 -14.9964292271288681.0250626197284032
1.0200000000000007 -0.66622715016258072 0.74574887488097907 0.023708348455665867 0 -14.9788251296036352.495469053617513
1.0300000000000007 -0.68996106483359643 0.72384648166147059 0.037654774060852284 0 -14.9465280058400763.9634276324869884
1.0400000000000007 -0.72317872067509703 0.6906609428386189 0.051564263352376745 0 -14.8995695367265615.4274984066926146
1.0500000000000007 -0.76430796892134611 0.64485140043526823 0.065423172236703644 0 -14.8379957847554996.8862452402147749
1.0600000000000007 -0.81113849072533606 0.58485412614071886 0.079217906235620569 0 -14.7618671488397188.338237219392715
1.0700000000000007 -0.86073153405135039 0.50905915794690215 0.092934933821331223 0 -14.6712583050659859.7820500565360895
1.0800000000000007 -0.90934422965051631 0.41604455530785289 0.1065607996897991 0 -14.56625813344374111.216267487036975
1.0900000000000007 -0.95239374259916287 0.30487072515733532 0.12008213795932166 0 -14.44696963072095212.639482658611861
1.1000000000000008 -0.98449184681804347 0.17543033816531878 0.13348568528138841 0 -14.31350980935255514.050299511310936
1.1100000000000008 -0.9995840798485256 0.028838642710371162 0.1467582938509622 0 -14.16600958272061215.447334146940925
1.1200000000000008 -0.99122766646864902 -0.132165476684029 0.15988694430342151 0 -14.00461363671880116.829216186558249
1.1300000000000008 -0.95303672739789036 -0.30285474444148841 0.17285875848551321 0 -13.82948028782714418.194590114700873
1.1400000000000008 -0.87930965511839865 -0.47625049124968144 0.18566101208778796 0 -13.64078132781623319.542116609040256
1.1500000000000008 -0.76583010472535173 -0.64304296178121478 0.19828114712612749 0 -13.43870185523329420.870473854149164
1.1600000000000008 -0.61079913413228992 -0.79178558823916778 0.21070678426011991 0 -13.22344009383534122.178358838096596
1.1700000000000008 -0.41581301505376622 -0.90945012865571484 0.22292573493619985 0 -12.99520719814758323.464488630597991
1.1800000000000008 -0.18675346982104674 -0.98240681059823654 0.23492601334364227 0 -12.75422704633774124.727601641466968
1.1900000000000008 0.065587479355699321 -0.99784682319069684 0.24669584817168144 0 -12.50073602060955125.966458858134128
1.2000000000000008 0.32535567039113222 -0.9455917130264716 0.25822369415622226 0 -12.23498277533076727.179845061018948
1.2100000000000009 0.57216450082519243 -0.82013888091923703 0.26949824340481981 0 -11.95722799312315328.366570015562878
1.2200000000000009 0.78247238051826684 -0.62268529268489758 0.28050843648881374 0 -11.66774412915375329.525469639753876
1.2300000000000009 0.93187791516572649 -0.36277203754751963 0.29124347329174149 0 -11.36681514387821530.655407145997554
1.2400000000000009 0.99825044300553101 -0.059127430514619057 0.30169282360338623 0 -11.05473622449835631.755274156214639
1.2500000000000009 0.96541631980214948 0.26071311716074769 0.31184623744906892 0 -10.73181349540719332.823991789070988
1.2600000000000009 0.82690743278056655 0.56233806345671888 0.32169375514405102 0 -10.39836371790545433.860511718273642
1.2700000000000009 0.58909305809796642 0.80806520089704759 0.33122571706318682 0 -10.05471397948415934.863817200894864
1.2800000000000009 0.2729165891788109 0.96203769954768625 0.34043277311624115 0 -9.701201372978005135.832924074715429
1.2900000000000009 -0.086497071954055357 0.99625210491289551 0.34930589191957745 0 -9.338172665904345136.766881723608755
1.3000000000000009 -0.44286714547849249 0.89658724698477155 0.35783636965522225 0 -8.965983960312033937.664774010019258
1.3100000000000009 -0.7444946693708776 0.6676284050865029 0.36601583860861076 0 -8.585000343473918638.525720173619625
1.320000000000001 -0.94221522457039208 0.33500816495686425 0.37383627537664482 0 -8.195595529765480339.348875695266166
1.330000000000001 -0.99844190251922549 -0.055801140613696308 0.38129000873800861 0 -7.798151494080961840.133433125404437
1.340000000000001 -0.89564211302676677 -0.44477545500280063 0.38836972717801982 0 -7.39305809714671940.878622876112317
1.350000000000001 -0.64232456795273973 -0.76643274290985652 0.39506848606064099 0 -6.980712703099007941.583713976004248
1.360000000000001 -0.27475461137636847 -0.96151438030193848 0.4013797144406091 0 -6.561519789701733942.248014787255364
1.370000000000001 0.14676272148854211 -0.98917172603207615 0.40729722150900732 0 -6.135890551586105542.870873684042905
1.380000000000001 0.54713933099063483 -0.83704154764451233 0.41281520266595029 0 -5.704242496901773843.451679691738683
1.390000000000001 0.85010585329450528 -0.52661184775356218 0.41792824521443311 0 -5.266999037774719643.989863086226428
1.400000000000001 0.99371216992621492 -0.11196483081992063 0.42263133366975147 0 -4.824589074974013244.484895952755267
1.410000000000001 0.94442924412147744 0.3287147743076585 0.42691985467929117 0 -4.377446577194457544.936292703781895
1.420000000000001 0.70641300880553415 0.70779987354499596 0.43078960154785556 0 -3.926010155368196345.343610555292884
1.430000000000001 0.32321982899460211 0.94632390973952474 0.43423677836409791 0 -3.470722632422464945.706449961140436
1.4400000000000011 -0.12919987039873296 0.99161857258169106 0.43725800372400464 0 -3.012030608905913946.024455004964985
1.4500000000000011 -0.55736491504352925 0.83026763846275464 0.4398503140477823 0 -2.550384024909180346.297313749320686
1.4600000000000011 -0.87007622246289051 0.49291720106393805 0.44201116648689126 0 -2.086235718709845346.524758541660979
1.4700000000000011 -0.99878772695211948 0.049224754847723942 0.44373844141837654 0 -1.62004098257429746.706566276884338
1.4800000000000011 -0.91368361800819342 -0.40642618786620743 0.4450304445240475 0 -1.152257116152629446.842558616182401
1.4900000000000011 -0.63138891405924658 -0.77546633660210251 0.44588590845246873 0 -0.6833429779042569146.932602161976121
1.5000000000000011 -0.21213438219861591 -0.9772405046298539 0.44630399406212945 0 -0.2137585349946678546.976608588768023
1.5100000000000011 0.25324737359196964 -0.96740155456189414 0.44628429124457464 0 0.2560355878955851146.974534729782484
1.5200000000000011 0.66356838378276894 -0.74811563280279325 0.44582681932668844 0 0.7255785604066498146.926382619308875
1.5300000000000011 0.92999888043142254 -0.36756235171233276 0.44493202705173546 0 1.194409798537108546.832199490706024
1.5400000000000011 0.99583750249392078 0.091146413131127771 0.44360079213918052 0 1.662069416439854246.692077730070174
1.5500000000000012 0.84868498046218932 0.52889867076585972 0.44183442042371568 0 2.12809867753326646.506154785611578
1.5600000000000012 0.52230542382070311 0.85275849116117031 0.43963464457434093 0 2.592040444485047846.274613032828796
1.5700000000000012 0.088038898101613486 0.99611703751168401 0.43700362239475565 0 3.053439627627198745.997679595613043
1.5800000000000012 -0.36184941401417126 0.93223655880768852 0.43394393470672527 0 3.511843631362587445.675626123457768
1.5900000000000012 -0.73469036106448671 0.67840258944002718 0.43045858281850297 0 3.966802798124833345.308768524992381
1.6000000000000012 -0.95694212977361115 0.29027876302675876 0.42655098558078608 0 4.417870849456420544.897466658101131
1.6100000000000012 -0.98843744348170404 -0.1516292198863832 0.42222497603309883 0 4.864605323771977344.44212397693147
1.6200000000000012 -0.82860838058138075 -0.55982868060711377 0.41748479764388657 0 5.306568010377707143.943187136137787
1.6300000000000012 -0.51401584551821267 -0.85778068907862282 0.41233510014801489 0 5.743325379320835643.401145552749121
1.6400000000000012 -0.10852215172456951 -0.99409403105796257 0.40678093498575157 0 6.174449006647830842.816530926090202
1.6500000000000012 0.3110814093857131 -0.95038326833683173 0.40082775034770945 0 6.59951599465384442.189916716227138
1.6600000000000013 0.67053083356734511 -0.74188166255507437 0.39448138583060793 0 7.018109386711541841.521917581449017
1.6700000000000013 0.91138350253741274 -0.41155815057247708 0.38774806670909739 0 7.429818576272023940.813188775337466
1.6800000000000013 0.99980513454081354 -0.019740641981093002 0.38063439782926289 0 7.834239709637013340.064425504015354
1.6900000000000013 0.92977526013818579 0.36812764856088831 0.37314735712980163 0 8.230976082106856539.27636224420548
1.7000000000000013 0.72092727902330511 0.69301072023458166 0.36529428879722253 0 8.619638527116109138.449772022767618
1.7100000000000013 0.4122589784732133 0.91106670154727021 0.35708289606179044 0 8.999845797974645137.585465658421377
1.7200000000000013 0.053527424918482967 0.9985663797572979 0.3485212336412728 0 9.371224941840157636.684290966397825
1.7300000000000013 -0.30375718331318874 0.95274948102092283 0.33961769983990964 0 9.733411665554925235.747131926800975
1.7400000000000013 -0.61412180368990044 0.78921125830329075 0.33038102831034838 0 10.0860506929882534.774907817493961
1.7500000000000013 -0.84363520317231411 0.5369167942692874 0.32082027948663333 0 10.42879611353378233.768572312361414
1.7600000000000013 -0.97268578318683596 0.23212575726577922 0.31094483169664411 0 10.76131172142014932.729112545831612
1.7700000000000014 -0.99615707688301869 -0.087584691447076909 0.30076437196271016 0 11.08327134550180331.657548144577003
1.7800000000000014 -0.92153350328390793 -0.38829885697138961 0.29028888649941698 0 11.39435916920680330.554930227341988
1.7900000000000014 -0.7656817556632759 -0.64321959628450653 0.27952865091793189 0 11.69427004032750629.422340373879923
1.8000000000000014 -0.55108241698892957 -0.83445081921323538 0.26849422014645286 0 11.98270977035042328.260889564010032
1.8100000000000014 -0.30217661843394295 -0.95325195581851663 0.2571964180766696 0 12.25939542303158827.071717087835196
1.8200000000000014 -0.042302395616394067 -0.99910485301849783 0.24564632694639588 0 12.52405559193427525.855989428189972
1.8300000000000014 0.208518632473953 -0.97801839446464023 0.23385527646878029 0 12.77643066665699624.614899116414168
1.8400000000000014 0.43487771425641908 -0.90048951889686768 0.221834832718769 0 13.01627308749042623.349663562575557
1.8500000000000014 0.62643953180197098 -0.77947002058817338 0.20959678678771118 0 13.24334758825370222.061523861287924
1.8600000000000014 0.7777389984521893 -0.62858734499398372 0.19715314321724642 0 13.45743142707160120.751743574297066
1.8700000000000014 0.88752430572124708 -0.46076089976691631 0.18451610822380954 0 13.65831460486652219.421607491027757
1.8800000000000014 0.95785212101348438 -0.28726175218773786 0.17169807772531376 0 13.84580007135068818.072420368308656
1.8900000000000015 0.99310914768193148 -0.11719309190591268 0.15871162518174667 0 14.01970391831672216.705505650510194
1.9000000000000015 0.99908897926901896 0.042675654689643946 0.14556948926161692 0 14.17985556003680615.322204171352068
1.9100000000000015 0.98220557175714307 0.18780898490014708 0.1322845613463394 0 14.32609790059364813.923872838652604
1.9200000000000015 0.94888233565361524 0.3156300256384677 0.11886987288482649 0 14.45828748797892312.511883303311301
1.9300000000000015 0.90512286014709964 0.42515010059875785 0.1053385826106789 0 14.57629465480824911.087620613828969
1.9400000000000015 0.85624678056838988 0.51656698574944537 0.091703963634526375 0 14.6800036455144389.6524818576865776
1.9500000000000015 0.8067614688502498 0.59087725660968482 0.077979390424167377 0 14.7693127298944648.2078747909141168
1.9600000000000015 0.76033516170615445 0.6495309398891449 0.064178325685291818 0 14.8441343028986136.7552164571951678
1.9700000000000015 0.71983757540115811 0.69414253942586024 0.050314307155643459 0 14.904394970564025.2959317978603604
1.9800000000000015 0.6874178499983753 0.72626214241388853 0.036400934325587768 0 14.9500356220082543.8314522541345237
1.9900000000000015 0.66459508524991184 0.74720370225371768 0.022451855098099445 0 14.9810114874123652.3632143630073101
2.0000000000000013 0.65234255025196364 0.75792426873056673 0.0084807524012672237 0 14.9972921819364690.89265834810594258
2.0100000000000011 0.65115214446240965 0.75894722132833792 -0.0054986692335637069 0 14.998861735524859-0.57877329304891778
2.0200000000000009 0.66107055718170593 0.75032374241221289 -0.01947269711483789 0 14.985718608571331-2.0496372040175581
2.0300000000000007 0.6817028347105536 0.73162917188121712 -0.033427623841838373 0 14.957875693429424-3.5184905852579251
2.0400000000000005 0.71218294942926297 0.70199390776717985 -0.047349760750549155 0 14.915360301766057-4.9838926093964373
2.0500000000000003 0.75111481164653127 0.66017159869627517 -0.061225451341136009 0 14.858214137770966-6.4444058345640105
2.0600000000000001 0.79649132220847507 0.60464995960191315 -0.075041084673879238 0 14.786493257248242-7.8985976144114201
2.0699999999999998 0.8456037934145012 0.53381103825511667 -0.088783108720411744 0 14.700268012630085-9.345041503420239
2.0799999999999996 0.89495944050590637 0.44614750906998807 -0.10243804365717347 0 14.599622983966707-10.782318656131654
2.0899999999999994 0.94023044176121717 0.34053886178453452 -0.11599249508803668 0 14.484656895960091-12.209019218920002
2.0999999999999992 0.97626365506291801 0.21658549305803418 -0.12943316718313586 0 14.355482521122958-13.623743712946274
2.109999999999999 0.99718434843057835 0.074989167518268493 -0.1427468757210083 0 14.212226569158002-15.025104406934389
2.1199999999999988 0.99662862159787391 -0.082045052330545279 -0.15592056102125965 0 14.055029562665812-16.411726678424444
2.1299999999999986 0.96813549573126945 -0.25042695922198382 -0.16894130075506208 0 13.884045699303488-17.782250362167026
2.1399999999999983 0.9057186552241191 -0.42387936677669663 -0.18179632262092446 0 13.699442700529076-19.135331084336421
2.1499999999999981 0.8046175055261654 -0.59379345718932541 -0.19447301687329321 0 13.5014016470803-20.469641581253263
2.1599999999999979 0.66219644335577355 -0.749330281255845 -0.20695894869170314 0 13.290116801348864-21.783873001323943
2.1699999999999977 0.4789206759965921 -0.87785818108790625 -0.21924187037833856 0 13.065795416824638-23.076736188918982
2.1799999999999975 0.25928993469120248 -0.96579952876765884 -0.23130973337204375 0 12.828657534796564-24.346962948931459
2.1899999999999973 0.012564823515712441 -0.9999210594892074 -0.24315070006699319 0 12.578935768509854-25.593307290774483
2.1999999999999971 -0.24691514962304414 -0.96903710397828924 -0.25475315542443489 0 12.316875074991025-26.814546650598178
2.2099999999999969 -0.5000340551930843 -0.86600574111674311 -0.26610571836611258 0 12.042732514764674-28.009483090526846
2.2199999999999966 -0.72400691251605265 -0.68979271569723966 -0.27719725293818909 0 11.756776999697768-29.176944473739773
2.2299999999999964 -0.89439716634906874 -0.44727363976290435 -0.28801687923472508 0 11.459289029218635-30.315785614243566
2.2399999999999962 -0.9880136723008498 -0.15436639319032153 -0.29855398406999395 0 11.150560415169531-31.424889400207739
2.249999999999996 -0.98647081771692491 0.16393695676357303 -0.30879823138916673 0 10.830893995562604-32.503167889761933
2.2599999999999958 -0.8799825091133967 0.47500608801834382 -0.31873957240715151 0 10.500603337520127-33.549563378179457
2.2699999999999956 -0.67076107345954961 0.74167350116570341 -0.32836825546564685 0 10.160012429690266-34.563049435400963
2.2799999999999954 -0.37526013543851983 0.92691953844476904 -0.33767483559873596 0 9.8094553644402218-35.542631912879912
2.2899999999999952 -0.024495599007072117 0.99969993779597921 -0.34665018379764179 0 9.4492760101383677-36.48734991876271
2.2999999999999949 0.33814989307286614 0.94109226424129599 -0.3552854959655512 0 9.0798276738470154-37.396276760446398
2.3099999999999947 0.66186593858036002 0.74962222442183446 -0.36357230155372877 0 8.7014727547564785-38.268520853589877
2.3199999999999945 0.89578563192271432 0.44448633459401576 -0.37150247187044561 0 8.3145823887005523-39.103226596686618
2.3299999999999943 0.99785207640426754 0.065507508086414909 -0.37906822805457435 0 7.9195360841019804-39.899575210341169
2.3399999999999941 0.9436647860416999 -0.33090296400134089 -0.38626214870602743 0 7.5167213497051932-40.656785540426007
2.3499999999999939 0.73342580927068468 -0.67976950674154346 -0.3930771771655559 0 7.1065333144612568-41.37411482433113
2.3599999999999937 0.39511132444030328 -0.91863324634972221 -0.39950662843676615 0 6.6893743399380856-42.050859419554619
2.3699999999999934 -0.017530783468233477 -0.99984632400733964 -0.40554419574356565 0 6.2656536256359638-42.686355493919528
2.3799999999999932 -0.43262155136203151 -0.9015756170710858 -0.41118395671660374 0 5.8357868075957189-43.279979676739941
2.389999999999993 -0.77264035814971821 -0.63484397843743878 -0.41642037920264141 0 5.4001955506930663-43.831149670297677
2.3999999999999928 -0.96967027999850608 -0.24441675083270947 -0.42124832669115048 0 4.9593071350191442-44.339324821029678
2.4099999999999926 -0.98029737360820812 0.19752736341289334 -0.42566306335281751 0 4.5135540367530771-44.804006649865713
2.4199999999999924 -0.79667923290642151 0.60440234931346504 -0.42966025868501367 0 4.0633735039374832-45.224739341196475
2.4299999999999922 -0.45075813942210519 0.89264612234900897 -0.4332359917596692 0 3.6092071275732338-45.601110189992021
2.439999999999992 -0.0099075927682164815 0.99995091859827756 -0.43638675506939106 0 3.151500408454039-45.932750006632446
2.4499999999999917 0.4357670597597289 0.90005948116130685 -0.43910945796804496 0 2.6907023201659772-46.219333479053184
2.4599999999999915 0.7921524974099754 0.61032321014945745 -0.44140142970243212 0 2.2272648686803573-46.460579491850098
2.4699999999999913 0.98184404797940439 0.18968991920346501 -0.44326042203208382 0 1.7616426489721388-46.656251402031145
2.4799999999999911 0.96201572241713329 -0.27299404722858195 -0.44468461143460492 0 1.2942923990986606-46.806157271144187
2.4899999999999909 0.73500398104847764 -0.67806279048690554 -0.44567260089440319 0 0.82567255217631663-46.910150053553188
2.4999999999999907 0.3487553910862623 -0.93721378414333423 -0.44622342127304943 0 0.35624278669437764-46.968127740678213
2.5099999999999905 -0.11329265764124211 -0.99356166075618291 -0.44633653225992487 0 -0.11353642439271566-46.980033461057666
2.5199999999999902 -0.55070136712793949 -0.83470234469744864 -0.44601182290222213 0 -0.58320426535244752-46.945855536134616
2.52999999999999 -0.86856535837904802 -0.49557463436285337 -0.44524961171378141 0 -1.0523000296974259-46.865627491712559
2.5399999999999898 -0.99872853815428275 -0.050411378439885794 -0.44405064636265357 0 -1.520363572101554-46.73942802506923
2.5499999999999896 -0.91465631864275176 0.40423238213543577 -0.4424161029376984 0 -1.9869357597656676-46.567380927760986
2.5599999999999894 -0.63656319660473659 0.77122454365013526 -0.44034758479493458 0 -2.4515589227900443-46.349654964193086
2.5699999999999892 -0.22584986136955709 0.97416212209228903 -0.43784712098477735 0 -2.9137773031117935-46.086463706075456
2.579999999999989 0.22948141745728221 0.97331304267527241 -0.43491716426170207 0 -3.3731375015670184-45.778065322925926
2.5899999999999888 0.63468147715995071 0.77277384955112383 -0.43156058867828856 0 -3.8291889226390259-45.424762328826617
2.5999999999999885 0.90858820802289297 0.41769303111465511 -0.42778068676600683 0 -4.2814842164563647-45.026901285681937
2.6099999999999883 0.99985224291570807 -0.017189890529842686 -0.42358116630550646 0 -4.729579717607276-44.584872463269058
2.6199999999999881 0.89576512004530051 -0.44452767035385804 -0.41896614668958249 0 -5.173035880339734-44.099109456414659
2.6299999999999879 0.62237049739564276 -0.78272278871353951 -0.41394015488238067 0 -5.6114177097206799-43.570088759673133
2.6399999999999877 0.23662441053306429 -0.97160119819804658 -0.40850812097880895 0 -6.0442951883311364-42.998329299923633
2.6499999999999875 -0.18695187183022693 -0.98236907403438467 -0.40267537336850928 0 -6.4712436980788208-42.384391927344403
2.6599999999999873 -0.57176790362211349 -0.82041542183675065 -0.39644763350913542 0 -6.8918444367144334-41.728878865263788
2.6699999999999871 -0.85341352319876096 -0.52123445628764609 -0.38983101031406131 0 -7.3056848286430807-41.032433119427395
2.6799999999999868 -0.98998825539039015 -0.14114975801995397 -0.38283199416002722 0 -7.7123589296278281-40.295737847261059
2.6899999999999866 -0.96703317543396095 0.25465042236389485 -0.37545745052059953 0 -8.1114678249885284-39.519515687748061
2.6999999999999864 -0.79690709004830618 0.60410188696174483 -0.36771461323169397 0 -8.5026200209050042-38.704528052578475
2.7099999999999862 -0.51357505380692037 0.85804467489007752 -0.35961107739576065 0 -8.8854318284411669-37.851574379265166
2.719999999999986 -0.16449914829149109 0.98637722510780534 -0.35115479193159876 0 -9.2595277399130804-36.961491346959789
2.7299999999999858 0.19843688915343488 0.98011366739940287 -0.34235405177710415 0 -9.6245407972318926-36.035152055737598
2.7399999999999856 0.52722797970707813 0.84972387127465876 -0.33321748975260079 0 -9.9801129518602707-35.073465170156311
2.7499999999999853 0.78402104173904319 0.62073424757332796 -0.32375406809273594 0 -10.325895416029326-34.077374027929039
2.7599999999999851 0.9447303179521056 0.32784848076834738 -0.31397306965524779 0 -10.661549004871414-33.047855714585715
2.7699999999999849 0.999961017406515 0.008829703694207559 -0.30388408881522377 0 -10.986744469133363-31.985920105030289
2.7799999999999847 0.95367005567045104 -0.30085449127031277 -0.29349702205379136 0 -11.30116281814348-30.892608872934783
2.7899999999999845 0.82026546716030724 -0.5719830096989621 -0.28282205825046181 0 -11.604495632715894-29.768994468940747
2.7999999999999843 0.62092739202516933 -0.78386808445861711 -0.27186966868865686 0 -11.896445367685015-28.616179068671226
2.8099999999999841 0.3798600212476424 -0.92504397963434182 -0.2606505967842192 0 -12.176725643773498-27.435293491584847
2.8199999999999839 0.12101177608076102 -0.99265107165095012 -0.24917584754698349 0 -12.445061528507328-26.227496091732661
2.8299999999999836 -0.13441114546795094 -0.99092565007370426 -0.23745667678574456 0 -12.70118980590253-24.993971621505718
2.8399999999999834 -0.36951648142794302 -0.9292241763714032 -0.22550458006720922 0 -12.944859234658995-23.735930069487765
2.8499999999999832 -0.57242491446456545 -0.81995714357534255 -0.21333128143977098 0 -13.175830794607952-22.454605473553844
2.859999999999983 -0.73624682206830505 -0.67671309799228907 -0.20094872193315641 0 -13.393877921171656-21.15125471037787
2.8699999999999828 -0.85854034632451481 -0.51274601288843014 -0.18836904784523281 0 -13.598786727605045-19.827156262537432
2.8799999999999826 -0.94046152853960352 -0.33990015201078166 -0.17560459882746454 0 -13.790356214801493-18.483608964424945
2.8899999999999824 -0.98579237214075732 -0.16796844652820542 -0.16266789578070409 0 -13.968398468456808-17.121930728195252
2.8999999999999821 -0.99999019599115158 -0.004428083284929313 -0.14957162857319278 0 -14.132738843398094-15.743457250999498
2.9099999999999819 -0.9893537607193883 0.14553053339558428 -0.13632864359281821 0 -14.283216134896662-14.349540704773416
2.9199999999999817 -0.96035714333987288 0.27877259053945547 -0.12295193114583501 0 -14.419682736796965-12.941548409864771
2.9299999999999815 -0.91916627713405397 0.39386971828197637 -0.10945461271442058 0 -14.542004786306347-11.520861493802233
2.9399999999999813 -0.87132740546398535 0.49070210157222638 -0.095849928085550484 0 -14.65006229530375-10.088873536519712
2.9499999999999811 -0.82160110081082371 0.57006283087607335 -0.082151222363829823 0 -14.743749268038425-8.6469892033662763
2.9599999999999809 -0.77390831401792304 0.63329765631489254 -0.068371932881015868 0 -14.822973805103267-7.1966228672420947
2.9699999999999807 -0.73135392390345599 0.68199812169170815 -0.05452557601507315 0 -14.887658193580753-5.7391972212120423
2.9799999999999804 -0.69629623747878178 0.71775451908914645 -0.040625733931690652 0 -14.9377389832731-4.2761418829578952
2.9899999999999802 -0.67043597070787353 0.74196739091485098 -0.026686041261267241 0 -14.9731670489418-2.8088919924381175
2.99999999999998 -0.65490403663470376 0.7557120501881458 -0.012720171724429538 0 -14.993907638495561-1.3388868041303177
3.0099999999999798 -0.65033311102394853 0.75964915895820795 0.0012581752807867544 0 -14.9999404070793010.13243172476147447
3.0199999999999796 -0.65690301564361087 0.75397508449439488 0.015235288116950865 0 -14.9912594370308311.6036203487515224
3.0299999999999794 -0.67435438898372968 0.7384078534647236 0.029197456357252891 0 -14.9678732436856083.0732359497803805
3.0399999999999792 -0.70196908086603083 0.7122074202843578 0.043130984234332981 0 -14.9298047670238664.5398369527979785
3.049999999999979 -0.73851952738187177 0.67423208739695617 0.05702220407473086 0 -14.8770913491683426.0019847398331478
3.0599999999999787 -0.78219339194492832 0.62303571133418001 0.070857489705776558 0 -14.8097846977546517.4582450611623878
3.0699999999999785 -0.83050429574358231 0.55701222136633266 0.084623269821776231 0 -14.7279508352102238.9071894421941664
3.0799999999999783 -0.88020464781690033 0.47459432988766997 0.09830604129637005 0 -14.63167003399162310.34739658468744
3.0899999999999781 -0.92722229883507601 0.37451142645184671 0.11189238242801935 0 -14.52103673784369211.777453760931577
3.0999999999999779 -0.96664848910472601 0.25610681074807512 0.12536896610561876 0 -14.3961594691578113.19595819951887
3.1099999999999777 -0.99280938028106425 0.11970603337313133 0.13872257288132345 0 -14.25716072252013514.601518461350793
3.1199999999999775 -0.99945587611546149 -0.032984112816251909 0.15194010393776727 0 -14.10417684455423215.992755804528166
3.1299999999999772 -0.98010449767286933 -0.19848217461881171 0.16500859393695222 0 -13.93735790017598217.368305536786394
3.139999999999977 -0.92855353451582834 -0.3711985096119898 0.17791522373820454 0 -13.75686752539192918.726818354149071
3.1499999999999768 -0.83958137826609625 -0.5432339360430295 0.1906473329727266 0 -13.56288276678544420.06696166448727
3.1599999999999766 -0.70980637696479065 -0.70439683930304342 0.20319243246239893 0 -13.35559390784829521.387420894685086
3.1699999999999764 -0.53864974584307701 -0.8425297925315095 0.21553821647066554 0 -13.1352042823277522.686900780130781
3.1799999999999762 -0.32929747857680047 -0.9442262285082752 0.22767257477347363 0 -12.90193007477249123.96412663526738
3.189999999999976 -0.089509536687409255 -0.99598596518324767 0.23958360453843253 0 -12.65600010847290825.21784560395702
3.1999999999999758 0.16791572676073344 -0.98580135357302823 0.25125962200053736 0 -12.39765562100379826.446827888432303
3.2099999999999755 0.42523416034486788 -0.90508337122930016 0.26268917392300584 0 -12.12715002758966227.649867955629322
3.2199999999999753 0.66060318928043416 -0.75073525713963829 0.27386104883198437 0 -11.84474867252469628.825785719718848
3.2299999999999751 0.84981913264358344 -0.52707441769915908 0.2847642880141073 0 -11.55072856889125229.973427699676137
3.2399999999999749 0.96896093401066097 -0.24721389192597473 0.29538819626611201 0 -11.2453781268323331.091668150752927
3.2499999999999747 0.99778454230389824 0.066528243170853874 0.30572235238597845 0 -10.92899687064427132.179410168743033
3.2599999999999745 0.92350403580087259 0.38358870663707068 0.31575661939529154 0 -10.60189514496748233.235586765957329
3.2699999999999743 0.74438665891745315 0.66774883154200371 0.32548115448280446 0 -10.26439381036321134.259161917853106
3.279999999999974 0.4724301265184111 0.8813681271510776 0.33488641865944702 0 -9.916823928575082535.249131579291074
3.2899999999999738 0.13434107229167061 0.99093515241690977 0.34396318611530841 0 -9.559526437784084536.204524669423066
3.2999999999999736 -0.22985251979015223 0.97322547189544817 0.35270255326941879 0 -9.192851818175483937.124404024244676
3.3099999999999734 -0.57091360973179728 0.82101014014627682 0.36109594750344548 0 -8.817159748145986238.007867315877697
3.3199999999999732 -0.83709937163747794 0.54705085869975523 0.36913513557074579 0 -8.432818751487991138.854047937681607
3.329999999999973 -0.98271032643781797 0.18514970783794704 0.37681223167252137 0 -8.040205835897330339.66211585432513
3.3399999999999728 -0.97713070569776728 -0.21263956354023889 0.38411970519315441 0 -7.639706123158945640.431278415984345
3.3499999999999726 -0.81255789916832166 -0.58288048560503691 0.3910503880871376 0 -7.231712471373311941.160781135868575
3.3599999999999723 -0.50849821318211819 -0.8610630448408485 0.3975974819103521 0 -6.816625089594133241.849908430311459
3.3699999999999721 -0.11143391766676669 -0.99377184604587998 0.40375456448879538 0 -6.394851145255389142.497984320701065
3.3799999999999719 0.31112917044004967 -0.95036763376142319 0.40951559621822065 0 -5.96680436477263543.104373096560884
3.3899999999999717 0.68184410321365718 -0.73149751804962648 0.41487492598850179 0 -5.532904627710709543.668479939130577
3.3999999999999715 0.92822311309086747 -0.37202399428517863 0.41982729672692093 0 -5.0935775549154644.189751504835627
3.4099999999999713 0.99800765479701414 0.063092954967760115 0.42436785055493492 0 -4.649254091013846244.667676468073019
3.4199999999999711 0.87175714927793535 0.48993823353848143 0.42849213355336396 0 -4.200370081691824445.101786022780573
3.4299999999999708 0.56939785869966586 0.82206208920508883 0.43219610013133014 0 -3.747365846164677745.491654342298169
3.4399999999999706 0.1485413464137342 0.98890619798118118 0.43547611699465655 0 -3.290685745259177845.836898997069497
3.4499999999999704 -0.30583459936712054 0.95208465896156147 0.4383289667098384 0 -2.830777745531277946.137181329774812
3.4599999999999702 -0.69864342358991482 0.71547003198915526 0.44075185086008722 0 -2.368092979846737846.392206787526653
3.46999999999997 -0.94529813843742982 0.32620764777474154 0.44274239279035243 0 -1.903085304856118746.601725210802478
3.4799999999999698 -0.99095703765494503 -0.13417954211479452 0.44429863993863034 0 -1.436210855797701446.765531078831209
3.4899999999999696 -0.82371241552257735 -0.56700780992325039 0.44541906575127027 0 -0.9679275990654232546.883463711192576
3.4999999999999694 -0.47827978268187948 -0.87820752073628594 0.44610257118040159 0 -0.498694882980571346.95540742543173
3.5099999999999691 -0.028968933893013298 -0.99958031236569589 0.44634848576201147 0 -0.02897298720791653746.981291650534473
3.5199999999999689 0.42664262578227569 -0.90442029492134079 0.44615656827361627 0 0.4407773287416990646.961090996151746
3.5299999999999687 0.78956221225451018 -0.61367052477674355 0.44552700697088149 0 0.9100952774795991746.894825277505525
3.5399999999999685 0.98157188145038043 -0.19109327969858139 0.44446041940295788 0 1.378520495734588746.782559495951666
3.5499999999999683 0.96248025593000242 0.27135172183886547 0.44295785180671565 0 1.845593495932510946.624403775218831
3.5599999999999681 0.73842824165329579 0.67433206354793918 0.44102077808046947 0 2.310856116916683746.420513253385892
3.5699999999999679 0.35950808520874988 0.93314197026472789 0.43865109833820287 0 2.773851973367252246.171087930703941
3.5799999999999677 -0.092402250980344935 0.9957217603395867 0.43585113704570877 0 3.23412690347858645.876372473412097
3.5899999999999674 -0.52237752418581829 0.85271432626964516 0.43262364074047449 0 3.691229414455593345.536655973739499
3.5999999999999672 -0.84315180798930744 0.53767557940114963 0.42897177533754949 0 4.144711125391916445.152271666329092
3.609999999999967 -0.99301522285386634 0.11798630081702735 0.42489912302403549 0 4.594127207095749744.723596601361031
3.6199999999999668 -0.94712327087594794 -0.32086992655162594 0.42040967874524937 0 5.039036818431444744.251051274696849
3.6299999999999666 -0.72026327626938813 -0.69370080932465916 0.41550784628600168 0 5.479003538749421643.735099215406649
3.6399999999999664 -0.36123269157592164 -0.93247570613759967 0.41019843395083661 0 5.913595795979793143.176246531084253
3.6499999999999662 0.059167406260988688 -0.99824807439651353 0.40448664984747135 0 6.342387289969964942.575041411396292
3.6599999999999659 0.46335029642638692 -0.88617520999042809 0.39837809677805974 0 6.764957410650891841.932073590352061
3.6699999999999657 0.78189909061163976 -0.62340501449755026 0.39187876674329319 0 7.180891650621806141.24797376782179
3.6799999999999655 0.9653018180947478 -0.26113674575397167 0.38499503506472704 0 7.589782011748825540.523412990870533
3.6899999999999653 0.99059657358790487 0.13681530760811272 0.37773365413110321 0 7.991227405378265539.759101995514975
3.6999999999999651 0.86237583452226796 0.50626862438039943 0.37010174677479768 0 8.38483404577254138.955790509548315
3.7099999999999649 0.60881192859428035 0.79331458804267108 0.36210679928489292 0 8.770215836382362838.114266517117436
3.7199999999999647 0.27422451530536462 0.9616656982577354 0.35375665406372847 0 9.146994748576505137.23535548577361
3.7299999999999645 -0.089901686837088116 0.99595064471280204 0.34505950193413376 0 9.514801192457557736.319919556755096
3.7399999999999642 -0.43361114745856788 0.9011000903338453 0.33602387410488738 0 9.873274379399989135.368856699295662
3.749999999999964 -0.71546169162633233 0.69865196472577595 0.32665863380228616 0 10.22206267595483634.38309982978889
3.7599999999999638 -0.90697522386590379 0.42118397796377977 0.31697296757602855 0 10.5608239487739933.363615896671739
3.7699999999999636 -0.99435033806339201 0.10614803433515818 0.30697637628794944 0 10.88922590021546132.31140493192602
3.7799999999999634 -0.97774396492306681 -0.20980166600034614 0.29667866579243457 0 11.20694639430079331.227499070127013
3.7899999999999632 -0.86876193993242656 -0.49522993823561073 0.28608993731766408 0 11.51367377270460530.11296153600226
3.799999999999963 -0.68693532086656206 -0.72671855965425391 0.27522057755711798 0 11.80910716046641828.968885601493369
3.8099999999999627 -0.45592732369627181 -0.89001700854936194 0.2640812484810624 0 12.0929567611248627.796393513343922
3.8199999999999625 -0.2000671670706243 -0.97978218429421082 0.25268287687801233 0 12.36494414098475826.596635392265416
3.8299999999999623 0.058398643030154948 -0.99829334290690153 0.24103664363642843 0 12.62480250223824325.370788104761143
3.8399999999999621 0.30115755216228368 -0.9535743960361045 0.2291539727771599 0 12.8722769446720724.120054108714246
3.8499999999999619 0.51478264467551116 -0.85732072688165328 0.21704652024739993 0 13.10712471570419322.845660273873399
3.8599999999999617 0.69090840203955584 -0.72294230751225752 0.20472616248713357 0 13.32911544850464521.548856678391676
3.8699999999999615 0.82582340986185288 -0.56392880377237531 0.19220498477930339 0 13.53803138796689820.230915382600219
3.8799999999999613 0.9196926514750956 -0.39263905412313277 0.17949526939511576 0 13.73366760430817618.893129181219035
3.889999999999961 0.97560529876341273 -0.21953200455685745 0.16660948354611807 0 13.91583219408911617.536810335229092
3.8999999999999608 0.99860532313984007 -0.052795914584138744 0.15356026715486459 0 14.08434646845567116.163289284649576
3.9099999999999606 0.99481490455498733 0.10170204361393895 0.14036042045616312 0 14.23904512841855814.773913343482622
3.9199999999999604 0.97071438679672073 0.24023650693819723 0.12702289144107562 0 14.37977642699826913.370045378106807
3.9299999999999602 0.93260357254164172 0.36090244732138738 0.1135607631559744 0 14.50640231807672211.953062470414192
3.93999999999996 0.88624028010333411 0.46322582605287022 0.099987240869123487 0 14.61879859180942110.524354567003519
3.9499999999999598 0.83663356237090936 0.54776298005119128 0.08631563911736953 0 14.7168549964653549.0853231157540488
3.9599999999999596 0.78795947263658173 0.61572710634036565 0.072559368645648811 0 14.8004753465751037.6373796911175864
3.9699999999999593 0.7435646319559257 0.66866406969736958 0.058731923252121981 0 14.8695776172810726.1819446094771386
3.9799999999999591 0.70602484526884279 0.70818706417380051 0.044846866551840961 0 14.924094024797294.7204455359305317
3.9899999999999589 0.67723062634026054 0.73577080585381904 0.030917818671927135 0 14.9639710928998863.2543160838651062
3.9999999999999587 0.65847718575251035 0.7526006881763091 0.016958442891323651 0 14.9891697053829561.7849944086984486
4.0099999999999589 0.65054218942481679 0.75947011776525208 0.0029824322382105166 0 14.9996651444284320.31392179716284369
4.0199999999999587 0.65373986020346564 0.75671936355636704 -0.010996503941753957 0 14.995447114852286-1.1574587464810098
4.0299999999999585 0.66794460933420052 0.74421099082275199 -0.024964653433206613 0 14.976519754203268-2.6277039159159599
4.0399999999999583 0.69258146271137677 0.7213396686087421 -0.038908314601659104 0 14.942901628704318-4.0953715185357362
4.0499999999999581 0.72658437359041395 0.68707725042692669 -0.052813809833706503 0 14.894625715040567-5.5590218901206585
4.0599999999999579 0.768327443190996 0.64005698186926052 -0.066667498953664459 0 14.831739368011878-7.0172193070322848
4.0699999999999577 0.81553842980395075 0.57870291991047229 -0.080455792603490769 0 14.754304274081568-8.468533394543492
4.0799999999999574 0.86520891566551072 0.50141153980828068 -0.094165165572855175 0 14.662396390866943-9.9115405299213002
4.0899999999999572 0.91352108800479348 0.40679137376613372 -0.1077821700662859 0 14.556105872630967-11.344825238886601
4.099999999999957 0.95581690577014244 0.29396265518597881 -0.12129344889437872 0 14.435536981848152-12.76698158408092
4.1099999999999568 0.98664065583926741 0.16291168234678635 -0.13468574857612847 0 14.30080798693144-14.176614544178204
4.1199999999999566 0.99988923375310823 0.014883555510097035 -0.14794593233953038 0 14.152051046220377-15.572341382288807
4.1299999999999564 0.98910409474406924 -0.14721783098699454 -0.16106099300770299 0 13.989412078344351-16.952793002313797
4.1399999999999562 0.94793252250242199 -0.31847124325784149 -0.17401806575788084 0 13.813050619088168-18.316615291917962
4.1499999999999559 0.87077141083421861 -0.49168806175641938 -0.18680444074077721 0 13.623139664900204-19.662470450805742
4.1599999999999557 0.75358238001643774 -0.6573534791333816 -0.19940757554792604 0 13.419865503196775-20.989038302995947
4.1699999999999555 0.5948322226169287 -0.80384987835826949 -0.21181510751477889 0 13.203427529629117-22.295017591808527
4.1799999999999553 0.3964690044803677 -0.91804810793680425 -0.2240148658474875 0 12.974038052492244-23.579127256293027
4.1899999999999551 0.16479628622409048 -0.98632762510574934 -0.23599488356147585 0 12.731922084467554-24.840107687846579
4.1999999999999549 -0.088935832303262935 -0.99603735759886325 -0.24774340922009486 0 12.477317121903374-26.07672196578919
4.2099999999999547 -0.3484319526720262 -0.93733407830781379 -0.25924891846183556 0 12.210472911850166-27.287757070683334
4.2199999999999545 -0.5929515937509755 -0.80523810607060697 -0.27050012530480605 0 11.931651207078659-28.472025074209011
4.2299999999999542 -0.7987682518986946 -0.60163882833366367 -0.28148599321737411 0 11.641125509321366-29.6283643044261
4.239999999999954 -0.94154581129114401 -0.33688497330706424 -0.29219574594411957 0 11.339180800989334-30.755640485281376
4.2499999999999538 -0.99953372164985776 -0.030534231360634188 -0.3026188780764768 0 11.026113265627243-31.852747849242348
4.2599999999999536 -0.95728221144863135 0.2891552656342572 -0.31274516535769792 0 10.702229997381108-32.918610221966539
4.2699999999999534 -0.80936537523911067 0.58730544809668983 -0.32256467471202832 0 10.367848699763559-33.952182077942155
4.2799999999999532 -0.56341987397299509 0.82617071214867832 -0.33206777398825954 0 10.023297374012106-34.952449566064999
4.289999999999953 -0.24171807120274522 0.97034652266807475 -0.34124514140809364 0 9.6689139973463352-35.918431504144728
4.2999999999999527 0.11944590126011446 0.99284071062389412 -0.35008777471006286 0 9.3050461914392919-36.849180341366171
4.3099999999999525 0.47303032688691288 0.88104614512819945 -0.35858699998002519 0 8.9320508814285073-37.743783087760605
4.3199999999999523 0.76721265529092886 0.64139281377440016 -0.36673448015957877 0 8.5502939458010712-38.601362209775708
4.3299999999999521 0.95349549221741448 0.30140727648991911 -0.3745222232240476 0 8.1601498574961671-39.421076491065591
4.3399999999999519 0.99577279218184345 -0.091850674196628082 -0.38194259002201647 0 7.7620013165771597-40.202121857656572
4.3499999999999517 0.87866250418557668 -0.47744340370177013 -0.38898830176872623 0 7.3562388748335366-40.943732166679247
4.3599999999999515 0.61317629359912318 -0.78994609497613311 -0.39565244718597881 0 6.9432605526808384-41.645179957893333
4.3699999999999513 0.23798055685080344 -0.97126991848866684 -0.40192848928154479 0 6.5234714487346839-42.305777167267607
4.379999999999951 -0.18483303242179977 -0.98276993753663522 -0.40781027176143014 0 6.0972833424414228-42.924875801915682
4.3899999999999508 -0.57946412281512183 -0.81499774869020436 -0.41329202506870649 0 5.665114290155544-43.501868575725048
4.3999999999999506 -0.87029309924692944 -0.49253418297938895 -0.41836837204298388 0 5.2273882150599222-44.036189505056029
4.4099999999999504 -0.99739864125272715 -0.072082941305233891 -0.42303433319497374 0 4.784534491331164-44.527314463926352
4.4199999999999502 -0.93036050410521598 0.36664605875570011 -0.42728533159096838 0 4.3369875229580046-44.974761698136675
4.42999999999995 -0.6769373598028936 0.73604063128545272 -0.43111719734244697 0 3.8851863176257293-45.378092297832936
4.4399999999999498 -0.28401733513266769 0.95881914527409073 -0.43452617169640018 0 3.4295740560849914-45.736910628041549
4.4499999999999496 0.17016291821970872 0.98541594327621507 -0.43750891072236647 0 2.9705976574269335-46.050864716755704
4.4599999999999493 0.59147371457704812 0.8063242802771281 -0.44006248859255964 0 2.5087073406914269-46.319646600191646
4.4699999999999491 0.88995043221100878 0.45605726417571579 -0.44218440045187074 0 2.0443561832382993-46.54299262487644
4.4799999999999489 0.99997405599002998 0.0072032872251804941 -0.44387256487493087 0 1.5779996763147754-46.720683706270933
4.4899999999999487 0.89574104818785405 -0.44457617411566769 -0.44512532590782183 0 1.1100952782550941-46.85254554367404
4.4999999999999485 0.59807896064169974 -0.80143718209086368 -0.44594145469243446 0 0.64110196575059375-46.938448791197828
4.5099999999999483 0.17064061550474177 -0.9853333346335964 -0.44632015067187969 0 0.17147978363027827-46.978309184645397
4.5199999999999481 -0.29390584636958084 -0.95583437554305417 -0.44626104237577097 0 -0.29831060640610685-46.972087624167358
4.5299999999999478 -0.69456017898485711 -0.71943460979335938 -0.44576418778460664 0 -0.76780837766036647-46.919790212615602
4.5399999999999476 -0.94465880694091031 -0.32805447484979683 -0.44483007427289573 0 -1.236552990469864-46.821468249556915
4.5499999999999474 -0.99113025541734312 0.13289400587066463 -0.44345961813108292 0 -1.7040846439599993-46.677218180952217
4.5599999999999472 -0.82581616494965082 0.5639394131534442 -0.44165416366674071 0 -2.1699447270719912-46.48718150455079
4.569999999999947 -0.48635772509813158 0.87375978577488345 -0.43941548188591184 0 -2.63367626842355-46.251544631092372
4.5799999999999468 -0.046751221746787482 0.99890656383126375 -0.43674576875589421 0 -3.0948243845611301-45.970538701453137
4.5899999999999466 0.39984164450864784 0.91658423470874739 -0.43364764305117287 0 -3.5529367261642233-45.644439359915012
4.5999999999999464 0.76172490803884463 0.64790058224484848 -0.43012414378461278 0 -4.0075639217636105-45.273566483780812
4.6099999999999461 0.96788264394926216 0.25140244139981183 -0.42617872722643046 0 -4.4582600185388417-44.858283869600186
4.6199999999999459 0.98158752710928487 -0.19101289648471118 -0.42181526351387033 0 -4.9045829197621575-44.39899887631443
4.6299999999999457 0.80583868982375417 -0.59213512476725727 -0.41703803285491009 0 -5.3460948184599362-43.896162025669987
4.6399999999999455 0.48014734618150123 -0.87718785100733221 -0.41185172132972048 0 -5.7823626268662158-43.350266560292788
4.6499999999999453 0.07016919577501407 -0.99753510412630986 -0.4062614162939962 0 -6.2129584012470422-42.76184795985678
4.6599999999999451 -0.34690996861580509 -0.93789843462657574 -0.40027260138866705 0 -6.6374597616790485-42.131483415821215
4.6699999999999449 -0.69775951865940788 -0.71633208368758094 -0.3938911511608878 0 -7.055450306370143-41.459791265252292
4.6799999999999446 -0.92587114404532134 -0.37783941645123231 -0.38712332530157689 0 -7.4665200201163708-40.747430384283945
4.6899999999999444 -0.9998674179093846 0.01628332285561266 -0.37997576250516252 0 -7.8702656764939238-39.995099541813246
4.6999999999999442 -0.91619774968883705 0.40072644467904917 -0.37245547395755535 0 -8.266291233391927-39.20353671406415
4.709999999999944 -0.69654414752332405 0.71751393753083692 -0.36456983645873764 0 -8.6542082214979867-38.373518360691982
4.7199999999999438 -0.3812442609703558 0.92447434441263276 -0.35632658518671401 0 -9.0336361253554358-37.50585866313881
4.7299999999999436 -0.020573752467169169 0.999788337954299 -0.34773380610992227 0 -9.4042027566184583-36.601408725986765
4.7399999999999434 0.33420976481890413 0.9424987178238986 -0.33879992805554554 0 -9.7655446191390975-35.661055742092522
4.7499999999999432 0.63848586027276744 0.76963355321330951 -0.32953371444151092 0 -10.117307265527691-34.685722122322538
4.7599999999999429 0.85953937091709554 0.51106953523316534 -0.31994425468027793 0 -10.459145644837433-33.676364590741784
4.7699999999999427 0.97909153979730756 0.20342014820891602 -0.31004095526285402 0 -10.790724441031649-32.633973246144194
4.7799999999999425 0.99326285083583377 -0.11588317025984478 -0.29983353053178113 0 -11.111718401901948-31.559570590845151
4.7899999999999423 0.91052742860423896 -0.41344866883248349 -0.28933199315214503 0 -11.421812658114543-30.454210527688719
4.7999999999999421 0.74841404071716011 -0.66323180235677259 -0.27854664428995407 0 -11.720703032071814-29.318977326253538
4.8099999999999419 0.52972328095684995 -0.84817052861574382 -0.26748806350751925 0 -12.008096336286195-28.154984559271053
4.8199999999999417 0.27891103056037975 -0.96031694613379959 -0.25616709838575535 0 -12.28371066097349-26.963374010300342
4.8299999999999415 0.019093803403055359 -0.99981769671855958 -0.24459485388357208 0 -12.547275650583829-25.745314553729784
4.8399999999999412 -0.23008220632098603 -0.9731711968273965 -0.23278268144479999 0 -12.798532768998772-24.502001008205063
4.849999999999941 -0.45365726785979948 -0.89117623583552885 -0.22074216786333462 0 -13.037235553134497-23.234652964607889
4.8599999999999408 -0.64175097730946384 -0.7669130870720281 -0.20848512391742088 0 -13.263149854702331-21.944513589735159
4.8699999999999406 -0.78930942231607093 -0.6139956317784927 -0.19602357278422677 0 -13.476054069889431-20.63284840685202
4.8799999999999404 -0.89541781126401443 -0.44522684473329077 -0.18336973824607147 0 -13.675739356734361-19.300944054315114
4.8899999999999402 -0.96238252541027824 -0.27169813172882729 -0.17053603269987228 0 -13.862009839984333-17.950107023483223
4.89999999999994 -0.99475309550249014 -0.10230483365029097 -0.15753504498158288 0 -14.034682803233066-16.581662377154469
4.9099999999999397 -0.99840870529263326 0.056391995849480542 -0.14437952801755205 0 -14.193588868150972-15.196952449785673
4.9199999999999395 -0.97978643627983208 0.20004634283602032 -0.1310823863149263 0 -14.338572160631699-13.797335530769985
4.9299999999999393 -0.94528686920087568 0.32624030240975216 -0.11765666330336325 0 -14.469490463692134-12.384184532063898
4.9399999999999391 -0.90086060092754205 0.43410848609128538 -0.10411552854047303 0 -14.586215356975851-10.958885641470728
4.9499999999999389 -0.8517576602920377 0.52393595804624227 -0.09047226479353862 0 -14.688632342723192-9.5228369629015521
4.9599999999999387 -0.80240976160808886 0.5967734699834184 -0.076740255010186872 0 -14.776640958084371-8.0774471449474543
4.9699999999999385 -0.75641085834544264 0.65409679205535831 -0.062932969190787169 0 -14.85015487366551-6.6241339991079089
4.9799999999999383 -0.71656227890775082 0.69752311821654389 -0.049063951175465859 0 -14.909101978210794-5.1643231090318853
4.989999999999938 -0.68495273051113692 0.72858750810409723 -0.035146805358682184 0 -14.953424449337883-3.6994464321342884
4.9999999999999378 -0.66304895488633009 0.74857603716933485 -0.021195183344409032 0 -14.983078810256998-2.2309408949606468
>>>>>>> a4ade8a (Commit test.)
